642
1025
1026
2055
9
2059
12
2060
13
1037
14
2062
16
2064
1041
2067
20
1045
1046
2070
24
1048
2072
1049
2077
2078
31
2079
34
35
2084
1062
2087
1065
42
2090
2091
1069
2093
2094
2095
1072
2097
2098
2099
1076
53
54
2103
1080
60
61
2110
64
2112
1090
2114
2119
2121
74
2122
1102
2127
2128
81
2131
2132
85
86
87
1111
88
2138
2141
1119
2143
2144
98
100
1124
2148
1125
2149
1126
2150
2152
107
1131
108
2156
1135
1137
2161
1139
116
2164
2165
2167
1145
122
1146
126
2175
129
2177
131
132
1158
2182
2185
141
2189
1167
2191
144
2192
148
2196
2197
2199
152
1178
2202
155
1179
2205
1182
1183
2208
2209
162
2211
2214
1191
1193
2218
171
2219
172
1196
173
2222
1199
178
1202
179
180
1204
181
2231
186
1210
2234
2235
1213
191
1215
2239
2240
1219
2243
2244
2246
201
1225
202
2250
1227
2251
206
1231
2255
213
1237
214
1238
215
218
220
221
224
225
1249
1251
229
1254
231
232
234
1258
236
238
243
1268
246
248
251
1275
253
1277
257
1282
261
263
1287
268
1296
273
1298
279
1304
282
1309
286
1313
1314
1315
1316
1317
1318
296
298
1322
1324
301
302
307
1331
311
312
314
1339
316
1340
318
321
1345
326
1350
1351
1353
330
332
1356
1357
334
338
1362
339
340
341
1365
1367
345
348
1373
352
1377
356
357
1381
1382
360
1384
364
365
366
1392
369
1394
371
1395
374
375
378
1402
381
386
1410
1412
389
1414
392
1416
393
400
1424
1425
402
403
1431
1433
413
1439
1440
417
1444
1445
427
428
1454
431
432
1456
434
1458
1459
437
438
1463
1468
446
1470
447
449
1477
1479
457
459
460
1484
1485
1487
465
1491
1494
471
472
1496
475
1501
1502
1503
485
1509
487
489
1514
494
499
501
502
1527
1534
512
513
1542
520
1544
1545
1547
524
1549
526
527
528
529
1553
531
1556
533
534
536
537
1562
539
1566
543
1567
1568
1569
547
1574
552
553
554
555
556
557
560
1584
563
1587
564
565
1589
570
1594
1595
1598
1599
1600
578
580
585
1609
586
1610
587
1612
589
591
592
1616
1621
599
600
1625
1626
604
605
607
1631
608
609
611
1640
1643
620
1645
1646
623
1647
1651
1653
630
1656
633
634
1658
1661
638
653
1681
1682
659
1688
670
671
673
675
1699
676
1703
681
1708
686
1713
1714
691
1716
1725
1727
705
1729
707
708
1733
710
712
1736
713
1737
722
1746
1748
726
1750
729
732
1757
735
1759
736
1760
737
740
1764
741
742
1766
1767
744
1775
752
1777
1778
756
760
762
767
773
774
1801
1803
781
782
1806
783
787
1811
789
1814
1815
793
1819
1820
798
1822
799
801
1828
805
806
1830
807
1831
809
813
814
816
817
818
825
1849
826
1851
829
831
836
1860
1861
840
1864
841
1865
842
843
1867
1868
848
1872
1874
1876
853
1877
1880
857
858
1883
861
1885
1889
867
873
1898
876
1900
877
1904
1908
1910
1911
894
1918
896
897
899
1923
1924
901
903
905
909
1933
1934
912
1939
920
1945
922
1946
1947
925
1951
1953
1954
1963
940
1966
946
947
1973
950
1974
1976
1977
1978
956
957
1981
1983
1984
962
1993
970
977
979
2004
2005
2007
984
985
2010
988
2013
992
2016
2017
994
2019
998
2022
2023
2025
1002
2026
2028
2029
2030
2031
2032
2034
1013
2037
1016
1017
1018
2042
2043
1020
2044
2047
6
81
83
37
38
91
60
