917
2049
2050
2051
5
2055
8
2059
2060
14
15
16
2066
2070
2071
26
2075
30
31
2079
2082
39
42
44
2094
2095
52
53
54
2104
57
58
2106
2108
65
2115
2117
2120
2124
2125
2126
79
80
2128
2129
83
2132
86
93
2142
2143
97
2145
98
2148
102
2151
104
105
2153
2155
108
109
2158
115
2164
119
120
122
125
2173
126
2176
131
133
135
138
140
142
143
144
145
146
149
151
2200
2201
155
2203
2205
2206
2207
163
165
2214
2215
2216
169
2217
170
2218
171
2221
175
176
178
2226
2227
181
2229
2230
2231
2232
186
2234
2237
190
191
192
193
195
197
2245
198
201
202
204
205
207
2255
2259
212
213
214
2264
217
2265
219
2267
2269
222
223
2271
225
2275
228
2276
230
2279
234
2282
2285
238
239
2287
240
241
242
2290
244
245
2294
2295
248
2296
249
250
2298
252
254
255
2303
256
2306
259
2307
2309
263
2311
2312
2313
267
268
2317
270
271
2321
275
2326
279
2327
280
2328
2331
2332
285
2333
2335
2337
2338
291
2339
292
294
2342
295
2343
297
2346
302
303
306
2354
2355
2357
311
2361
2362
315
316
317
2365
2366
320
2369
323
2373
326
328
330
2378
2379
332
2381
336
337
2386
2388
341
2394
2395
349
2397
350
2399
352
354
2403
357
359
360
2409
363
364
2412
365
2413
367
2416
2417
371
373
2423
376
378
2430
385
388
2436
390
392
395
2444
397
398
2447
2448
401
402
406
2455
412
2460
2461
2462
2465
2466
2467
420
2469
422
423
2473
2474
2475
428
429
2478
431
432
2480
434
2482
2484
2485
440
2488
441
2490
446
2494
2495
450
2498
2499
452
2500
453
2502
456
457
2506
459
2507
460
461
2510
2511
2512
465
2513
2514
468
2516
2518
472
2520
473
2521
2522
2523
477
478
2526
2529
482
483
484
2532
2533
488
489
490
493
2541
494
2543
2544
497
499
501
2550
503
2553
508
509
2558
2559
2561
514
515
2563
2565
519
2567
2568
521
2569
2572
2574
2576
530
531
532
535
2586
539
2588
541
2589
542
2591
2595
548
551
552
554
555
2603
556
557
559
564
2612
569
572
2623
2624
577
579
583
590
591
594
601
602
612
613
617
618
624
625
626
629
631
633
638
639
646
647
649
651
652
653
655
656
661
662
668
669
670
672
673
674
679
680
684
688
690
691
692
694
698
705
707
708
712
713
714
715
720
725
730
731
735
736
738
740
744
745
746
749
756
760
761
764
766
768
769
774
776
777
778
781
783
787
793
796
797
799
802
804
807
808
811
812
813
817
819
821
823
824
825
826
835
836
837
842
843
846
848
851
852
853
855
859
861
864
867
869
872
876
877
880
884
888
892
893
895
899
901
904
910
911
920
923
928
932
939
940
953
955
956
957
961
962
967
968
975
979
986
988
989
990
993
994
996
997
998
1001
1002
1005
1007
1009
1012
1016
1028
1034
1036
1037
1047
1062
1063
1065
1079
1088
1089
1092
1093
1096
1099
1100
1101
1102
1103
1107
1109
1112
1113
1121
1127
1130
1134
1137
1138
1139
1141
1142
1143
1144
1146
1149
1150
1153
1159
1163
1164
1177
1178
1181
1183
1186
1189
1190
1192
1193
1199
1202
1206
1207
1208
1211
1215
1220
1221
1225
1226
1228
1229
1230
1239
1244
1245
1246
1248
1249
1253
1254
1263
1264
1265
1266
1278
1279
1280
1288
1291
1294
1298
1306
1307
1308
1314
1317
1320
1321
1322
1328
1331
1334
1335
1342
1343
1344
1346
1350
1353
1356
1357
1360
1362
1374
1377
1381
1383
1385
1391
1396
1399
1400
1402
1405
1409
1411
1412
1414
1418
1421
1423
1424
1426
1429
1434
1435
1441
1442
1445
1448
1449
1453
1458
1460
1461
1463
1464
1465
1466
1470
1475
1477
1482
1484
1485
1492
1494
1499
1500
1502
1503
1505
1513
1516
1517
1519
1520
1521
1528
1530
1534
1537
1539
1544
1545
1547
1550
1552
1554
1555
1557
1562
1564
1565
1570
1571
1574
1575
1577
1581
1582
1584
1585
1589
1592
1594
1596
1600
1602
1604
1607
1608
1611
1613
1617
1621
1622
1627
1628
1630
1637
1642
1643
1649
1650
1653
1654
1655
1656
1658
1659
1660
1661
1663
1666
1669
1672
1677
1681
1685
1686
1688
1692
1694
1696
1698
1703
1704
1706
1712
1714
1717
1718
1721
1723
1727
1728
1729
1731
1732
1733
1736
1739
1740
1741
1743
1748
1760
1764
1767
1771
1773
1776
1779
1780
1783
1784
1786
1788
1791
1793
1794
1795
1796
1797
1803
1808
1810
1811
1816
1818
1825
1832
1834
1837
1838
1840
1842
1843
1844
1846
1848
1849
1850
1851
1855
1856
1858
1860
1861
1863
1867
1868
1869
1870
1871
1876
1877
1887
1891
1892
1896
1897
1900
1908
1910
1918
1920
1922
1924
1926
1927
1928
1929
1934
1939
1952
1959
1960
1961
1963
1965
1970
1972
1974
1976
1980
1984
1987
1988
1990
1992
1993
1994
1997
2001
2006
2007
2012
2013
2015
2022
2023
2028
2037
2039
2041
2042
2045
2046
31
0
131
5
6
134
7
72
73
146
83
84
21
23
151
28
157
32
96
99
41
43
107
46
110
112
52
116
56
57
122
123
