414
1025
1026
3
2051
5
8
2056
9
1035
2060
13
1040
2066
2069
22
24
26
1050
28
29
1054
2079
1056
33
2083
1060
2086
1064
2089
2091
1069
46
2094
49
2097
1075
53
56
1084
2112
70
71
2119
2120
75
1105
82
1106
2130
83
86
2134
88
2136
89
2142
2144
97
100
2149
102
1126
2150
104
2153
2156
1135
112
1137
118
2168
2169
123
2171
1152
130
2180
1160
140
1165
144
1169
2194
148
1175
1176
154
1180
2204
157
159
1183
2209
162
1186
165
1190
167
2217
1195
172
173
1203
2231
184
185
189
1213
2239
194
1228
205
206
2255
208
1234
2259
215
216
1240
1241
2267
1248
1249
1250
2276
1253
1256
2282
1259
1260
2286
241
2292
2293
1271
248
2297
1277
254
2303
1280
1281
1285
263
265
267
1291
1292
2316
270
1294
1296
2321
1300
2324
1301
2327
283
2334
289
1315
293
2341
297
298
1322
2346
304
1332
2358
2362
316
319
1344
2368
2371
1353
2377
2378
331
2384
2385
1370
1371
2396
349
353
1379
356
1382
1383
2407
2409
362
368
369
2417
370
371
1395
372
375
2423
1402
381
1410
2435
390
2438
2443
1421
2446
1426
403
1431
409
1436
419
423
424
429
1453
433
439
1464
1465
1466
1467
445
447
1472
450
456
459
460
468
1493
1495
1496
1498
1503
480
481
491
1528
1529
1531
1534
1537
518
523
1552
1554
538
539
1564
543
1568
1571
548
1574
1575
558
559
561
1593
1599
577
1611
1614
1615
595
597
601
606
1637
1640
1643
624
625
1653
1656
1657
634
1660
639
1664
1665
642
1670
648
1673
1674
651
1676
658
1685
663
666
667
1692
672
674
679
1703
681
1706
1710
689
1716
696
1720
697
703
704
1731
711
713
1738
1741
1742
727
1754
733
1759
741
742
1766
1771
1773
751
1778
1781
1782
1784
761
763
764
766
770
777
1805
782
1807
785
1810
1814
1818
795
1820
801
1827
804
1829
806
1836
1843
1845
1849
829
1855
1856
836
1860
1864
842
849
1877
858
1882
864
871
1899
876
1902
883
884
887
1913
890
1915
1917
911
916
918
1944
1950
932
1960
1965
1970
1974
1975
1976
1977
957
961
1989
966
1993
1998
975
976
980
988
993
2018
1003
1005
2033
2040
1021
2047
19
96
1
161
34
101
6
8
73
138
48
112
113
18
19
20
86
122
59
125
