612
0
1025
2
1026
3
1027
4
9
1035
12
1036
1037
1040
17
1043
20
22
1046
23
1049
28
33
1058
1060
38
39
1066
43
45
1071
1072
1073
1074
1076
1077
1078
1079
56
1080
57
1081
59
1083
60
61
1086
1088
1089
1091
69
1094
72
1096
73
1099
1101
1102
79
1103
1104
1105
1109
1110
1111
88
1113
91
92
94
95
98
100
102
103
1130
107
1131
1137
1143
1144
122
125
1149
127
1155
132
1159
137
1162
140
141
1166
1167
1168
147
1171
149
150
1174
154
1178
1180
157
1181
1182
159
1183
1184
1186
1188
167
1191
168
169
170
1196
173
1198
176
178
180
1204
1205
185
1209
1211
188
1212
189
1214
191
192
1216
1217
1219
1220
197
1223
200
201
1225
1227
1228
205
1229
207
1232
1237
1238
215
1239
1240
217
218
1242
1243
221
1245
225
227
1251
1253
230
1255
232
233
1257
234
236
1260
238
1264
241
243
1267
1269
250
251
1275
1277
254
256
1280
257
1282
260
1284
1287
264
267
270
273
1297
275
1299
276
1300
277
278
1303
1305
1306
283
284
286
1310
288
1312
289
290
1315
292
1316
1317
294
1318
295
296
1320
298
1322
299
301
1326
1327
304
305
1330
1337
314
1338
315
1340
317
1342
1343
320
1344
321
1346
1347
324
1349
1350
328
1352
332
1356
336
1360
337
1361
338
1362
339
1363
1364
345
1370
347
1371
1375
354
1378
1379
356
1380
1381
1384
361
362
1386
365
366
367
1391
368
1392
372
1396
1398
376
1401
378
1402
379
380
1405
382
1406
384
1409
1410
387
1411
389
1413
390
1415
394
1418
397
1422
1423
400
1424
401
1425
402
1426
1427
404
1428
406
1430
408
410
1434
1437
1438
1442
419
1443
422
1446
1449
1450
1451
1453
430
1454
432
1457
1458
1460
437
438
1463
440
1465
443
1468
445
1470
447
1471
1472
1474
451
1476
1478
455
1480
458
460
1485
463
1487
1490
467
1491
468
1494
477
1506
483
484
486
487
488
1512
1514
1515
495
496
1521
498
499
1525
502
1526
504
505
507
1531
1532
509
510
511
1535
512
514
1539
516
517
1541
518
1543
522
523
1547
1548
1551
1552
1555
1557
535
1559
537
1562
539
540
1564
1565
542
1566
1567
547
1571
548
1573
550
551
1576
1578
1579
1581
1583
560
562
1586
564
1588
565
566
1590
1591
568
570
1595
575
1600
578
582
584
586
588
590
598
602
604
606
609
612
613
615
616
621
622
625
632
633
634
635
636
638
639
642
645
647
652
654
658
665
666
668
674
676
679
680
681
684
686
687
689
694
698
701
703
705
706
708
709
713
714
718
721
724
725
729
730
733
737
738
739
745
753
757
758
760
761
762
763
764
769
773
780
787
788
791
792
795
796
802
803
807
808
812
816
818
819
824
826
831
834
843
844
847
848
849
851
852
855
857
858
859
864
865
866
869
873
875
876
879
880
881
882
883
891
893
902
904
906
907
908
909
910
913
915
917
919
924
927
932
934
936
940
942
948
952
953
959
961
962
966
968
970
972
973
975
977
978
981
982
983
984
989
992
993
994
997
998
1001
1002
1004
1009
1011
1014
1019
1020
1021
1023
115
0
256
1
257
2
3
4
8
9
265
266
267
16
273
19
21
279
25
281
27
283
288
33
289
36
38
39
295
40
296
297
42
300
45
46
47
305
308
53
309
54
310
311
58
317
63
321
322
68
70
327
73
77
334
79
80
81
337
341
86
343
88
351
96
354
356
358
103
364
109
365
367
114
118
374
375
376
124
131
132
140
146
148
149
150
153
154
156
157
167
168
170
172
174
175
182
184
186
188
190
192
193
197
198
199
202
205
210
211
212
218
240
241
246
255
