429
0
1024
1
2
7
8
12
1036
1037
14
2062
15
1041
2065
18
19
2071
24
1050
27
29
31
33
1060
37
1063
40
1066
1067
1070
1072
1078
56
1080
2104
57
1081
1083
60
1084
1085
2109
63
1087
2111
66
67
1092
72
76
2124
77
79
81
1105
1107
2131
1109
1113
91
2139
95
2143
97
2146
100
1127
2152
105
2153
106
1130
2154
1132
2156
1133
110
2158
113
2164
117
1142
1145
2169
2172
125
2174
127
129
1154
133
2181
2183
138
139
1167
1168
1169
1171
151
1175
152
1197
178
1203
1205
185
1215
1219
196
1221
200
201
1226
203
204
206
1231
1234
225
1251
231
234
236
1270
247
1273
251
1275
1281
1284
1285
263
1287
1290
267
268
273
1297
277
279
1304
282
284
1308
287
1317
294
297
1325
1327
306
308
1334
311
313
317
1341
1343
320
321
1345
323
329
1354
1362
344
1369
1377
1379
1381
360
1390
1394
371
1396
375
380
382
386
387
388
389
1413
1415
394
1423
1424
401
1425
405
1431
1432
1438
415
1440
419
421
423
1447
426
429
430
1454
431
1462
1463
1465
1466
1467
448
451
1475
467
468
469
1495
475
1500
1502
1506
1512
1517
1519
497
1521
498
1522
502
506
507
1532
1534
1539
518
519
1544
1546
1550
528
1554
1557
535
1565
551
552
555
558
559
1584
562
1589
1592
572
575
1601
580
1606
1611
592
597
599
604
606
1632
1636
1642
626
627
628
630
1657
637
642
643
644
1668
648
1672
657
1681
660
661
665
1690
1698
1699
1700
679
1705
682
1707
684
1708
1710
1719
1725
1728
705
1729
1731
710
713
714
1738
715
1739
716
1743
733
1757
1760
743
745
747
1771
1772
1773
754
756
764
1788
1793
1794
772
1797
776
777
1803
781
782
787
1812
789
793
1817
797
1823
804
805
1829
1832
813
1837
814
1839
817
818
821
1849
1850
828
833
1859
1863
841
1866
1867
1868
845
1869
847
1872
850
852
1880
1891
869
1894
871
1896
877
881
1911
1912
1914
1915
1918
895
1920
1922
1933
1934
1942
1945
1951
937
940
1965
942
944
946
1970
1972
1973
950
951
1978
1979
1980
1984
963
1990
1995
973
1997
976
977
2001
2002
979
2004
2005
986
2010
988
2012
990
2022
1000
2034
1011
2036
2038
1016
2041
2043
1020
1022
20
32
99
4
7
72
136
73
138
44
47
111
81
114
19
84
151
122
59
60
125
