551
0
1
1026
3
1027
5
6
7
9
10
11
12
17
20
22
23
25
27
29
30
31
32
36
37
39
40
41
43
46
50
54
56
57
58
60
61
65
66
69
70
71
73
79
80
82
83
84
85
86
87
88
89
90
91
97
99
101
103
104
105
107
108
109
110
111
112
117
118
120
124
126
129
130
132
134
135
137
138
140
143
145
147
148
149
150
153
155
156
157
159
160
162
164
168
171
174
175
177
178
179
180
182
184
185
188
192
193
198
199
201
204
205
208
209
212
215
217
220
221
222
223
224
226
227
231
232
234
237
238
241
244
245
246
250
251
252
255
256
257
259
261
264
265
266
267
268
269
272
273
277
280
283
284
285
288
289
290
291
292
296
299
301
302
307
308
309
312
313
314
315
322
323
325
326
329
330
334
335
338
339
340
341
342
344
345
346
348
349
352
355
356
358
359
360
361
362
363
364
366
368
369
370
371
373
375
378
380
384
385
387
389
390
393
394
396
398
399
400
402
403
404
406
412
413
414
415
417
419
423
424
427
429
433
435
436
438
442
443
444
445
448
450
451
452
454
455
460
461
463
464
466
468
469
470
472
474
476
480
483
488
491
493
495
498
499
500
501
504
507
508
509
510
512
513
514
515
517
518
519
520
521
522
524
527
528
535
538
539
540
542
547
552
553
558
559
560
562
563
570
571
572
575
576
577
580
582
583
585
588
589
590
592
594
598
601
603
604
605
606
607
608
611
613
614
615
617
618
619
620
623
625
627
628
629
630
631
632
634
636
637
638
639
640
642
643
644
645
648
650
651
652
653
655
656
657
658
659
660
663
666
667
670
671
672
674
675
678
680
681
682
683
684
685
687
688
696
698
699
700
701
704
708
709
710
711
712
713
716
717
718
721
722
725
726
728
729
730
731
732
734
737
738
741
742
743
744
746
747
749
750
753
754
755
759
760
762
763
764
765
766
767
768
769
773
774
775
780
781
783
789
790
792
794
795
798
799
800
801
802
803
804
807
808
809
812
813
816
817
818
820
824
825
826
828
830
833
834
835
837
839
841
842
846
847
848
850
851
852
854
856
859
860
861
862
864
865
867
869
872
873
877
878
879
882
885
886
887
890
891
892
893
896
897
908
909
910
914
915
918
921
923
924
926
927
929
930
933
934
935
936
937
939
941
946
947
948
955
956
957
962
965
968
970
972
974
976
979
981
983
985
987
989
990
991
992
995
996
998
999
1002
1005
1007
1008
1009
1013
1014
1016
1017
1018
1019
1020
142
1
258
259
5
6
262
263
8
9
265
10
13
16
19
20
21
277
278
23
280
25
282
283
284
285
31
287
288
34
290
35
292
293
294
39
295
296
41
297
298
301
46
50
308
53
54
310
55
56
312
58
63
319
320
321
66
322
323
68
69
326
75
331
334
79
336
82
338
84
90
93
95
351
352
99
100
101
360
361
363
109
365
366
112
113
114
370
115
372
117
118
119
123
124
127
128
136
138
139
142
146
147
148
154
155
157
160
164
169
170
179
182
184
186
188
190
191
192
193
195
196
197
199
200
202
205
207
212
213
214
215
218
223
228
235
236
238
239
240
244
250
253
