3082
0
1
8193
2
4
5
8197
6
8202
11
8204
8205
8207
8208
17
8210
8213
23
8215
24
8216
8218
27
29
8223
32
8224
33
34
8227
8228
37
8229
8231
40
8233
42
8235
8236
45
8239
8242
51
8243
52
8246
56
58
8251
8252
62
8254
8255
8257
69
8261
71
8264
8266
77
8269
78
8270
79
8271
80
8272
8273
82
8275
86
88
89
8282
8283
93
8285
94
8288
8289
8290
8293
102
8294
8297
108
110
8302
8304
8305
115
8308
119
120
121
8313
124
8316
134
141
143
145
148
149
150
152
153
158
162
167
168
170
171
176
177
179
182
183
185
188
191
192
194
201
202
206
207
211
215
219
220
221
223
224
225
230
233
236
239
241
242
243
245
247
249
251
254
255
260
261
262
263
264
266
267
269
270
272
275
278
279
283
285
287
289
290
293
295
296
297
298
303
310
311
312
318
319
320
321
324
325
326
328
330
333
334
340
347
352
358
360
361
363
366
368
376
379
381
383
384
385
389
392
393
396
404
405
408
409
414
415
416
418
419
422
427
428
430
431
436
438
440
443
445
446
447
451
458
464
466
467
468
471
472
473
474
475
478
481
483
484
487
493
496
497
508
510
512
514
516
518
519
521
522
523
524
525
531
533
537
545
548
550
551
554
557
563
565
566
568
570
574
575
577
580
587
593
595
596
600
603
606
607
609
610
613
615
616
617
619
623
625
626
630
631
632
633
634
635
640
641
643
659
661
667
668
675
676
682
686
688
692
699
701
704
708
709
714
716
718
719
720
721
724
726
729
730
733
735
738
739
740
744
745
747
748
750
752
756
757
761
762
763
766
769
772
773
776
778
779
781
782
784
788
790
795
797
801
802
804
812
817
821
822
823
827
828
833
835
839
842
844
845
846
847
849
850
851
852
854
856
863
867
868
870
876
881
885
893
897
899
901
902
906
908
909
912
916
917
918
923
924
929
932
936
938
944
945
946
953
954
959
960
963
964
966
969
970
971
986
988
995
998
999
1000
1005
1006
1009
1018
1019
1021
1023
1026
1028
1029
1030
1032
1033
1034
1036
1041
1042
1043
1044
1045
1048
1049
1051
1052
1055
1056
1057
1065
1066
1067
1070
1071
1072
1074
1079
1086
1087
1090
1094
1096
1097
1104
1105
1110
1115
1117
1124
1125
1135
1138
1139
1142
1144
1146
1148
1151
1152
1153
1155
1159
1161
1163
1164
1166
1170
1172
1174
1175
1176
1190
1191
1193
1199
1200
1203
1204
1207
1208
1209
1212
1214
1216
1217
1220
1221
1228
1233
1235
1236
1238
1239
1241
1242
1244
1246
1249
1250
1251
1253
1256
1258
1259
1261
1265
1268
1269
1270
1272
1275
1277
1278
1280
1281
1284
1288
1291
1295
1299
1302
1303
1307
1311
1312
1313
1319
1321
1322
1323
1325
1327
1330
1333
1337
1341
1348
1350
1351
1352
1353
1354
1357
1359
1370
1371
1373
1377
1384
1389
1390
1396
1398
1406
1407
1409
1410
1414
1417
1418
1419
1425
1431
1438
1443
1445
1452
1453
1454
1455
1456
1462
1463
1468
1470
1472
1473
1474
1475
1482
1483
1485
1496
1498
1501
1502
1505
1508
1510
1516
1519
1525
1533
1535
1537
1544
1547
1548
1549
1550
1551
1552
1553
1556
1569
1571
1576
1577
1579
1581
1584
1585
1586
1587
1591
1598
1600
1603
1604
1608
1612
1613
1614
1615
1619
1623
1629
1633
1643
1644
1646
1647
1652
1655
1657
1660
1667
1671
1673
1675
1676
1679
1680
1681
1682
1684
1688
1690
1692
1695
1696
1697
1701
1704
1708
1709
1710
1711
1715
1719
1720
1728
1732
1733
1736
1738
1743
1746
1755
1758
1764
1765
1769
1772
1773
1775
1777
1778
1780
1785
1787
1789
1791
1794
1802
1803
1804
1807
1809
1811
1813
1816
1819
1825
1826
1827
1831
1833
1835
1836
1841
1842
1844
1845
1856
1858
1865
1866
1868
1871
1877
1878
1879
1885
1886
1888
1891
1892
1900
1906
1919
1920
1921
1925
1927
1934
1935
1938
1939
1940
1942
1946
1947
1952
1953
1955
1956
1958
1959
1965
1966
1970
1971
1973
1977
1978
1982
1983
1984
1987
1988
1993
1994
1997
1998
1999
2003
2009
2010
2014
2015
2020
2024
2027
2028
2030
2031
2032
2033
2034
2039
2042
2043
2045
2046
2054
2055
2057
2058
2059
2061
2062
2063
2064
2066
2070
2074
2075
2077
2078
2079
2083
2085
2086
2087
2088
2093
2101
2103
2104
2105
2108
2110
2111
2114
2116
2124
2126
2129
2130
2132
2133
2134
2135
2137
2142
2145
2149
2151
2152
2154
2157
2159
2160
2162
2164
2167
2168
2169
2172
2173
2174
2175
2182
2185
2186
2190
2191
2196
2197
2199
2200
2203
2205
2210
2211
2212
2214
2215
2217
2218
2219
2221
2224
2225
2226
2227
2229
2230
2232
2242
2244
2248
2250
2252
2254
2258
2263
2264
2268
2271
2277
2278
2279
2282
2283
2285
2288
2292
2293
2295
2296
2298
2299
2301
2303
2305
2306
2307
2309
2311
2314
2317
2321
2322
2323
2325
2326
2327
2330
2331
2332
2333
2340
2345
2346
2347
2348
2350
2351
2352
2353
2355
2357
2358
2363
2370
2372
2373
2374
2375
2376
2381
2387
2389
2390
2392
2394
2395
2396
2397
2399
2402
2404
2406
2407
2412
2413
2417
2418
2419
2422
2423
2429
2430
2437
2438
2443
2444
2448
2452
2454
2455
2456
2458
2464
2466
2468
2469
2470
2480
2483
2487
2489
2491
2492
2494
2496
2499
2502
2503
2505
2506
2512
2514
2517
2521
2524
2525
2531
2532
2537
2538
2539
2540
2544
2548
2549
2550
2557
2558
2559
2564
2567
2568
2576
2577
2582
2585
2586
2587
2588
2589
2592
2595
2596
2603
2605
2607
2608
2609
2611
2612
2613
2615
2617
2618
2619
2625
2629
2630
2631
2634
2635
2638
2641
2642
2644
2647
2650
2652
2655
2656
2662
2664
2668
2669
2670
2674
2676
2679
2680
2682
2683
2695
2697
2704
2705
2709
2712
2716
2718
2719
2720
2721
2722
2727
2729
2731
2733
2734
2735
2737
2742
2744
2754
2755
2756
2762
2765
2773
2774
2777
2779
2781
2789
2792
2799
2801
2803
2806
2807
2811
2819
2821
2822
2823
2828
2832
2839
2843
2844
2845
2850
2853
2854
2856
2858
2860
2865
2866
2869
2875
2876
2878
2879
2884
2885
2886
2887
2889
2890
2894
2896
2898
2900
2903
2908
2909
2910
2912
2914
2916
2919
2920
2922
2925
2926
2930
2934
2936
2938
2941
2943
2952
2955
2956
2960
2968
2969
2976
2977
2979
2982
2992
2993
2995
2996
3000
3002
3005
3009
3016
3018
3020
3021
3023
3025
3026
3033
3039
3042
3045
3053
3055
3056
3058
3063
3064
3065
3071
3081
3084
3091
3092
3103
3107
3108
3111
3112
3117
3121
3125
3126
3128
3132
3133
3139
3140
3141
3142
3144
3146
3152
3153
3164
3171
3177
3179
3181
3182
3183
3184
3186
3190
3194
3196
3198
3204
3207
3209
3213
3215
3216
3217
3220
3223
3225
3228
3231
3233
3240
3243
3245
3247
3256
3259
3263
3265
3273
3275
3276
3278
3279
3280
3283
3284
3286
3290
3294
3295
3300
3302
3304
3305
3306
3314
3319
3325
3328
3331
3332
3337
3340
3345
3348
3351
3355
3356
3357
3358
3360
3363
3371
3372
3376
3377
3379
3381
3383
3385
3390
3394
3402
3418
3420
3421
3423
3426
3430
3431
3436
3442
3447
3448
3452
3453
3455
3457
3460
3462
3464
3470
3472
3474
3488
3494
3497
3498
3499
3501
3504
3506
3507
3509
3517
3518
3519
3525
3526
3527
3531
3537
3539
3540
3541
3544
3545
3554
3555
3561
3562
3563
3564
3565
3566
3569
3573
3574
3576
3577
3578
3579
3586
3589
3590
3591
3602
3606
3612
3618
3619
3623
3624
3626
3628
3629
3632
3640
3641
3644
3647
3648
3649
3656
3659
3660
3662
3663
3665
3666
3669
3672
3676
3681
3689
3690
3699
3700
3702
3703
3704
3710
3712
3716
3717
3719
3720
3722
3726
3727
3728
3729
3730
3733
3734
3738
3740
3742
3743
3749
3754
3755
3756
3761
3762
3763
3767
3769
3771
3774
3780
3781
3785
3786
3788
3791
3792
3798
3799
3804
3808
3809
3811
3812
3815
3816
3817
3818
3823
3824
3825
3826
3830
3831
3835
3836
3837
3838
3839
3841
3843
3844
3846
3847
3849
3854
3858
3863
3864
3865
3866
3868
3870
3871
3877
3879
3880
3881
3882
3883
3887
3888
3889
3890
3895
3896
3899
3900
3901
3903
3905
3910
3911
3914
3915
3917
3923
3925
3926
3931
3933
3934
3936
3937
3940
3943
3944
3945
3948
3950
3957
3958
3959
3961
3963
3967
3973
3975
3976
3977
3978
3982
3984
3989
3994
3999
4005
4006
4008
4016
4018
4020
4022
4023
4025
4027
4031
4032
4038
4042
4046
4049
4052
4053
4054
4056
4059
4061
4062
4063
4064
4065
4067
4068
4073
4079
4081
4082
4090
4097
4100
4105
4109
4110
4112
4116
4117
4123
4128
4134
4143
4146
4147
4148
4150
4151
4152
4154
4155
4157
4163
4165
4166
4167
4172
4174
4175
4176
4178
4179
4181
4182
4188
4192
4194
4196
4197
4198
4207
4209
4210
4213
4215
4217
4218
4221
4223
4227
4230
4231
4232
4233
4241
4243
4245
4246
4248
4252
4253
4255
4258
4266
4268
4271
4272
4274
4281
4282
4284
4288
4296
4297
4301
4302
4308
4312
4317
4319
4325
4327
4333
4336
4337
4338
4341
4348
4350
4353
4361
4368
4369
4374
4375
4383
4385
4388
4389
4391
4392
4393
4400
4404
4408
4412
4414
4417
4428
4429
4432
4437
4438
4452
4454
4456
4458
4463
4464
4468
4473
4475
4476
4477
4482
4483
4484
4486
4489
4492
4493
4494
4495
4498
4505
4509
4510
4511
4513
4516
4517
4519
4523
4527
4528
4531
4532
4535
4538
4543
4546
4550
4551
4553
4554
4555
4557
4559
4560
4561
4567
4571
4572
4575
4576
4579
4580
4585
4586
4589
4590
4591
4593
4597
4598
4601
4604
4611
4613
4614
4616
4618
4619
4620
4622
4625
4628
4629
4630
4633
4637
4642
4646
4647
4650
4656
4659
4662
4665
4671
4675
4679
4680
4684
4686
4689
4694
4695
4697
4698
4699
4700
4705
4706
4715
4716
4718
4720
4722
4724
4727
4728
4729
4731
4732
4736
4738
4741
4744
4745
4746
4747
4750
4751
4752
4753
4754
4755
4756
4759
4761
4762
4764
4765
4766
4767
4769
4772
4777
4778
4785
4789
4791
4793
4794
4804
4805
4807
4808
4813
4816
4819
4824
4825
4831
4833
4836
4840
4841
4844
4845
4847
4849
4850
4852
4853
4855
4866
4867
4868
4869
4870
4871
4872
4873
4876
4879
4881
4882
4883
4885
4887
4888
4889
4890
4892
4901
4912
4915
4918
4922
4927
4928
4929
4930
4931
4935
4938
4942
4943
4944
4945
4947
4952
4953
4956
4957
4958
4962
4964
4965
4969
4970
4972
4975
4977
4978
4979
4981
4985
4986
4987
4989
4990
4992
4993
4994
4996
4997
4998
5001
5003
5004
5007
5011
5012
5013
5017
5033
5034
5040
5042
5048
5049
5050
5059
5063
5066
5067
5074
5076
5078
5081
5087
5089
5091
5092
5093
5095
5096
5097
5099
5103
5105
5106
5110
5111
5112
5116
5118
5119
5120
5122
5125
5127
5129
5131
5132
5134
5139
5141
5147
5150
5153
5154
5159
5161
5162
5171
5173
5174
5177
5178
5180
5181
5186
5188
5191
5200
5201
5204
5207
5208
5211
5214
5218
5219
5220
5221
5222
5224
5225
5226
5229
5231
5234
5238
5243
5245
5248
5251
5252
5253
5258
5261
5262
5265
5269
5270
5272
5275
5276
5280
5282
5283
5284
5285
5295
5296
5297
5299
5300
5303
5306
5309
5312
5317
5318
5319
5320
5323
5325
5327
5328
5330
5331
5332
5333
5334
5337
5339
5340
5341
5345
5346
5347
5348
5351
5353
5356
5364
5366
5370
5373
5375
5378
5385
5392
5395
5396
5399
5400
5401
5402
5403
5404
5405
5407
5409
5411
5412
5413
5414
5419
5420
5421
5423
5425
5426
5429
5430
5432
5439
5441
5443
5448
5451
5452
5453
5459
5461
5462
5463
5466
5467
5468
5478
5480
5488
5491
5492
5495
5500
5503
5505
5508
5512
5519
5520
5521
5522
5524
5532
5545
5548
5549
5553
5557
5558
5559
5561
5564
5568
5571
5572
5576
5577
5578
5579
5582
5585
5588
5589
5591
5600
5603
5604
5605
5608
5609
5612
5615
5616
5617
5622
5626
5627
5628
5630
5631
5637
5640
5641
5646
5650
5655
5656
5659
5660
5661
5664
5667
5668
5673
5677
5678
5680
5681
5682
5686
5692
5695
5697
5699
5707
5708
5710
5712
5713
5717
5719
5727
5728
5731
5732
5733
5736
5737
5740
5743
5745
5747
5749
5753
5754
5755
5756
5757
5758
5759
5760
5764
5768
5769
5771
5772
5773
5774
5776
5778
5780
5781
5782
5783
5785
5786
5787
5789
5791
5796
5798
5799
5808
5809
5811
5812
5813
5816
5818
5823
5825
5833
5834
5835
5836
5837
5838
5839
5843
5849
5850
5853
5854
5856
5857
5859
5860
5861
5864
5867
5868
5878
5880
5882
5883
5887
5888
5893
5896
5897
5900
5903
5907
5913
5915
5916
5917
5918
5919
5921
5929
5930
5934
5935
5937
5938
5941
5942
5944
5946
5948
5950
5952
5953
5956
5960
5961
5966
5972
5974
5977
5978
5983
5986
5987
5989
5990
5991
5995
5998
5999
6001
6002
6007
6009
6011
6012
6014
6016
6018
6021
6023
6028
6033
6035
6037
6041
6046
6047
6048
6053
6057
6058
6060
6062
6067
6070
6071
6074
6076
6081
6085
6087
6089
6090
6091
6094
6095
6098
6103
6106
6107
6111
6112
6113
6119
6120
6121
6123
6128
6135
6140
6142
6145
6151
6153
6157
6163
6171
6172
6175
6177
6180
6181
6185
6187
6191
6192
6193
6194
6198
6199
6203
6204
6207
6209
6212
6215
6217
6218
6221
6222
6227
6237
6238
6240
6241
6242
6244
6245
6249
6252
6256
6257
6259
6262
6267
6273
6277
6286
6287
6288
6292
6294
6298
6304
6306
6311
6313
6316
6317
6330
6331
6333
6337
6345
6346
6348
6349
6351
6360
6363
6365
6366
6367
6369
6374
6378
6380
6385
6386
6388
6390
6391
6393
6394
6398
6400
6402
6406
6408
6411
6412
6413
6414
6420
6422
6436
6438
6439
6443
6444
6449
6450
6455
6456
6458
6459
6460
6461
6463
6464
6467
6473
6475
6478
6481
6482
6486
6487
6490
6494
6495
6496
6497
6500
6501
6502
6504
6508
6509
6514
6515
6519
6535
6536
6538
6543
6546
6549
6555
6557
6566
6568
6572
6575
6578
6581
6589
6593
6595
6596
6598
6609
6610
6617
6619
6621
6626
6627
6629
6630
6631
6633
6635
6641
6642
6643
6644
6655
6658
6659
6660
6666
6669
6674
6676
6677
6678
6679
6690
6691
6693
6695
6700
6701
6702
6703
6706
6719
6721
6727
6728
6731
6737
6740
6743
6745
6749
6752
6753
6755
6756
6762
6765
6767
6770
6771
6779
6780
6783
6784
6790
6799
6804
6805
6810
6814
6815
6817
6821
6829
6830
6831
6832
6836
6838
6841
6842
6843
6844
6849
6853
6856
6860
6865
6866
6870
6871
6872
6875
6876
6878
6882
6883
6884
6885
6891
6895
6896
6901
6904
6906
6909
6913
6917
6919
6920
6923
6924
6927
6928
6929
6930
6931
6932
6934
6939
6941
6942
6945
6946
6950
6951
6952
6953
6955
6959
6965
6967
6971
6973
6976
6984
6990
6991
6992
6993
7004
7005
7007
7010
7014
7016
7017
7024
7026
7028
7031
7033
7034
7039
7044
7048
7057
7058
7061
7063
7067
7068
7070
7077
7078
7082
7093
7095
7102
7104
7106
7108
7109
7114
7118
7119
7125
7127
7132
7134
7135
7138
7143
7144
7152
7156
7157
7160
7166
7171
7173
7175
7181
7182
7183
7184
7185
7186
7190
7192
7197
7199
7201
7202
7203
7204
7208
7210
7212
7213
7218
7219
7220
7222
7223
7228
7229
7230
7233
7236
7237
7239
7243
7245
7252
7255
7256
7257
7259
7260
7261
7262
7267
7268
7269
7270
7274
7276
7277
7284
7286
7288
7289
7290
7297
7299
7300
7303
7306
7312
7313
7318
7319
7321
7322
7323
7328
7329
7332
7334
7336
7338
7340
7344
7347
7349
7351
7358
7359
7360
7361
7363
7365
7368
7372
7376
7377
7378
7379
7380
7381
7382
7383
7385
7386
7387
7389
7392
7396
7404
7407
7409
7413
7414
7416
7419
7430
7433
7435
7438
7439
7440
7442
7446
7449
7453
7455
7457
7460
7461
7463
7468
7470
7471
7473
7475
7478
7479
7481
7486
7489
7490
7493
7497
7498
7505
7506
7508
7514
7516
7521
7522
7524
7534
7536
7540
7542
7543
7545
7547
7549
7550
7552
7554
7556
7557
7559
7563
7564
7567
7570
7571
7572
7574
7575
7576
7577
7580
7581
7583
7587
7588
7590
7593
7599
7602
7603
7605
7608
7609
7612
7614
7616
7617
7621
7624
7627
7629
7633
7634
7635
7639
7642
7643
7644
7648
7650
7651
7654
7655
7658
7659
7662
7663
7665
7666
7668
7672
7674
7677
7678
7679
7681
7684
7687
7689
7691
7693
7694
7697
7699
7703
7704
7706
7710
7713
7715
7716
7719
7723
7725
7726
7727
7729
7732
7738
7739
7740
7741
7742
7746
7752
7753
7754
7756
7758
7762
7763
7771
7772
7773
7774
7775
7777
7780
7782
7786
7788
7792
7793
7794
7798
7800
7804
7805
7808
7812
7814
7815
7818
7820
7824
7826
7835
7838
7839
7840
7841
7846
7847
7848
7850
7852
7855
7857
7858
7860
7864
7866
7867
7870
7876
7881
7883
7885
7890
7892
7896
7897
7900
7901
7905
7911
7912
7913
7916
7917
7918
7921
7925
7927
7928
7931
7933
7935
7936
7941
7943
7944
7945
7946
7951
7953
7955
7959
7960
7966
7969
7970
7973
7976
7977
7978
7986
7988
7989
7990
7993
7994
7995
7996
8001
8002
8011
8012
8014
8020
8022
8026
8029
8031
8035
8036
8038
8039
8041
8042
8043
8044
8045
8049
8050
8052
8054
8056
8057
8058
8062
8070
8076
8080
8082
8083
8085
8086
8087
8088
8090
8092
8093
8097
8101
8102
8104
8105
8107
8108
8110
8112
8116
8118
8120
8125
8129
8137
8139
8142
8143
8144
8152
8157
8164
8168
8171
8173
8174
8177
8179
8180
8183
8184
8191
15
0
1
167
171
175
16
49
145
84
22
86
89
90
155
158
