11611
0
2
3
16387
4
16388
5
6
7
8
16392
10
16395
12
13
14
16399
16
17
18
16402
19
16403
20
16407
24
16408
25
16409
26
27
16411
28
30
16414
31
16415
32
16416
35
16419
36
39
41
43
16427
46
47
16431
48
50
51
16435
52
53
16437
54
57
58
16443
60
61
16445
62
63
64
65
16449
68
16453
70
16454
71
72
16456
74
75
76
77
79
80
82
16466
83
16467
16468
87
16472
16474
92
93
94
95
99
100
16486
103
105
16490
107
108
109
110
111
113
16498
16499
16501
119
16503
120
121
16505
122
123
124
125
126
128
129
16514
131
132
16516
133
16517
134
135
16519
16521
138
140
16525
142
143
146
147
148
150
151
152
16536
153
154
16538
155
156
157
16541
159
16544
162
163
16547
164
165
166
167
16551
168
16552
169
170
171
16555
172
16556
173
174
175
16560
178
16562
180
181
182
16566
184
185
16569
186
16570
187
188
189
16574
191
16577
194
195
196
197
198
16585
202
205
16589
207
208
209
211
16595
212
16596
214
215
216
217
218
219
220
221
16605
222
223
225
226
227
228
16612
229
16613
230
231
233
16617
234
235
237
238
16622
239
240
16624
243
245
16630
248
249
16633
250
253
254
255
256
257
258
16643
261
262
264
16648
16649
267
268
269
16653
270
271
272
273
275
276
277
16661
278
279
280
284
16668
16669
16670
287
288
289
290
291
292
16676
16678
295
296
297
298
299
300
16684
301
302
303
304
305
306
307
308
309
310
311
313
317
16701
319
320
322
323
16708
325
16710
330
16714
331
332
16717
334
16718
16720
340
341
342
343
345
346
16730
347
352
16737
355
356
357
16741
360
16747
365
366
16750
368
369
16753
370
16754
16760
377
378
379
16763
380
16764
382
383
385
387
16772
389
16773
16774
16777
394
16779
396
397
16781
399
400
16784
401
402
16786
16787
404
16789
406
407
16793
412
413
16797
415
417
418
419
421
16805
422
423
16807
424
425
426
427
431
16815
432
433
434
435
436
437
16821
438
441
442
443
16827
444
16829
446
447
448
16832
449
451
453
454
16838
455
16839
456
16841
459
460
463
465
468
470
16854
16855
472
16856
474
475
16859
477
16861
478
479
480
16864
481
483
485
16869
486
487
488
490
16874
491
16875
16877
494
16878
495
16880
497
16881
498
16883
500
501
503
505
508
509
16893
510
511
513
515
16900
517
518
519
521
16907
524
16908
525
526
527
16911
528
16912
530
16914
532
16916
534
535
16920
542
544
545
547
548
549
550
552
554
16938
555
556
16940
16942
559
560
561
562
16946
563
564
16948
565
567
16951
568
570
16954
572
573
575
576
578
583
16967
585
586
587
588
589
590
591
592
16976
594
595
598
599
16984
601
602
603
16987
604
606
608
610
611
16996
613
614
615
617
618
620
624
626
628
17013
630
632
17016
633
636
637
638
639
640
642
17026
644
645
647
648
17033
651
17035
652
654
17038
655
17039
656
657
658
659
660
661
662
663
17047
17048
665
666
667
17051
668
17052
671
17055
672
17056
675
676
677
17061
678
17062
679
680
682
683
17067
684
685
17069
686
17070
687
688
689
17074
691
694
17078
695
697
17081
698
17082
699
700
17084
701
17086
703
704
705
17089
17090
17092
709
710
17094
711
713
714
17098
715
716
17100
717
718
719
17103
720
17104
723
725
726
17110
727
728
730
732
17117
734
736
738
739
740
17124
741
17126
743
744
745
17130
749
751
17136
753
754
755
756
17141
758
759
17144
761
764
17148
765
766
767
768
769
17153
770
772
773
774
775
776
777
779
780
17165
783
784
785
17169
17171
790
791
17176
796
797
798
17182
799
801
802
804
17188
805
17189
806
17190
808
17192
809
17193
810
811
812
813
815
816
818
819
821
822
823
825
17210
827
17211
828
830
831
17215
832
834
17218
836
837
838
17223
840
843
844
847
17231
849
850
851
852
17236
853
854
17238
855
17239
856
17240
17241
858
859
17243
860
17244
861
862
864
866
867
868
17255
872
873
17259
876
877
878
17263
880
881
883
885
887
888
889
890
892
893
17278
895
896
897
17283
901
902
903
904
905
906
909
910
911
914
17298
916
917
921
922
925
926
928
17312
929
17313
930
931
932
933
17317
935
17321
17322
939
940
941
942
944
945
947
949
950
951
952
953
954
955
956
957
958
959
961
964
17348
965
966
968
969
970
17354
972
973
17357
974
975
976
977
17361
979
981
983
984
17368
985
986
987
17371
988
991
992
993
994
995
996
17381
998
999
17383
1000
1001
1002
17386
1003
1004
1006
17390
1007
1008
1009
1013
1014
1015
1016
17400
17402
1019
1020
1021
17405
17406
1023
1024
17408
1025
1026
17410
1028
1029
17415
1032
17416
1033
1034
1035
1036
1037
1041
1042
17426
1043
1044
1046
17431
1049
17433
1050
1051
1052
17437
17438
1055
1056
1057
17441
1059
1060
1063
1064
1066
1067
1068
1070
17454
1071
17455
1072
1073
1074
17458
1075
1076
17460
1078
1081
1082
1083
17468
1085
1087
1089
1090
17474
1091
1093
17477
1094
17479
1096
1097
1098
17482
1099
17483
17485
1103
1104
1105
1107
1108
17492
1111
17495
1112
17496
1113
1114
17498
1116
1117
1119
1120
1121
1122
1123
1124
1126
1127
17513
1130
1132
1133
17517
1134
1135
1136
1138
1139
1140
1141
1142
17527
1144
1145
1146
1147
17532
1149
17534
17536
17537
1155
1156
17540
17541
1158
1161
1163
1164
1165
1166
1169
1170
1171
17555
1172
1174
17558
1175
1177
1178
1180
17564
1181
17566
1183
17567
1184
17570
1187
1188
17572
17574
1191
1195
17579
1196
1198
1199
17583
1200
1201
1202
1203
1204
1205
1206
1207
17592
1209
1210
17594
1213
1214
1217
1218
1219
17604
1221
1224
1225
1226
17610
1227
1228
1229
17613
1230
1232
1233
1234
1235
17620
1237
1238
17622
17624
1241
17625
1242
1243
1244
1245
1246
1247
1248
1249
1253
1256
17640
1257
1258
1259
17643
1260
17644
1261
1264
1267
1268
1269
1270
17654
1271
1273
1275
1276
1277
1278
17662
1279
1281
17665
1282
1283
1284
17669
1286
17671
17672
17673
1291
1292
1293
17677
1294
1295
17679
1296
1298
1299
17683
1300
1301
1302
17686
1303
17687
1305
17689
17690
1307
1309
1310
17694
1312
1313
1314
1315
17700
1317
1318
1319
1321
17707
1324
17708
1327
1329
17713
1331
17715
17716
1333
1334
1335
17720
1337
1338
17722
1340
1341
17725
1342
17726
1344
17728
1345
1348
17735
1353
17737
1354
1355
17740
1357
1358
17745
1362
17748
1365
17749
1366
1367
1368
1369
17754
1372
1373
1375
17760
1378
17762
17763
1380
1381
1382
1383
1384
1385
1386
1387
17772
1389
17773
1390
1391
17776
1393
1394
1396
1398
1401
1402
1403
1404
17788
1406
1407
1408
1409
1410
1411
17795
1414
1415
1416
1417
17801
1418
1421
1422
1423
1425
1426
1430
1431
17815
1432
1434
1435
17821
1438
1439
1440
1441
1445
17829
1446
1447
1448
17833
1450
17834
1453
1454
1455
1456
1457
17842
1459
17843
1460
17844
1461
17845
1462
1464
17848
1465
1466
1467
1468
1470
17854
17855
1472
1474
1475
17860
1479
1480
17864
1481
1483
1484
1485
1487
1488
1489
1491
1492
1493
1494
1496
1497
1498
1499
1500
1501
17888
1508
1509
1510
1511
17895
1512
1513
1514
1516
1518
1519
17903
1520
17905
1523
1525
1526
1527
1528
1529
1532
17916
1536
1537
1539
1540
1542
1543
1544
1545
17929
17931
1548
17932
17934
1551
17935
1552
1553
1555
1556
17940
1557
1559
17943
17944
1562
17946
1564
1565
17950
1568
17952
1569
1570
17954
1571
1572
1573
1576
1577
17961
1578
17962
1580
17964
1581
1584
1587
1589
1591
1593
1594
1595
17979
1596
17980
1597
1598
1599
17984
1601
17985
1602
1603
17987
1604
17991
17992
17993
1611
1614
1615
1616
1617
1619
1621
18005
1622
18006
1623
1625
1626
1627
1628
1629
1630
18015
1632
1633
18017
1634
18018
18020
1638
18022
1639
1640
18024
1641
1642
1643
1644
18028
1647
1648
1649
1650
1653
1654
1657
18041
1658
1659
1660
1661
1662
1663
18047
1664
1668
1670
1672
1673
18057
1675
1676
1677
18062
1679
18063
1680
1681
1682
1683
1684
1686
1687
1689
18073
1692
1693
1694
1695
1697
1698
18082
1700
18085
1703
1704
1705
1707
1708
1710
1711
1712
18096
1713
1714
1715
18100
1717
1720
1721
1722
18106
1724
18108
1725
1726
18110
18111
18112
1730
1731
1732
18116
1734
18118
1735
1737
1738
1739
1740
1741
1742
1746
18130
1748
1749
1750
18134
1751
1752
18136
1753
18137
1754
18138
1757
18141
1758
1759
18143
18144
1762
1763
1764
18148
1766
18150
1767
1771
1772
1773
1775
18159
1776
1777
1778
1779
1780
1781
1782
1784
18168
1785
1786
1787
1788
18172
1789
1792
1793
18177
1794
18178
1798
18182
1799
1800
1801
1804
1805
18189
1806
18190
1807
18192
1810
18194
1811
18195
1812
18196
1813
18199
1817
1819
18204
1821
18205
1822
18206
1823
18207
1824
1825
1826
1827
1828
1829
18213
1830
18216
1835
18219
1839
1840
18224
1841
1842
1844
1845
1846
18230
1848
1852
1853
1854
1856
1858
18242
1859
18244
1862
1863
1864
1865
1866
18250
1867
1868
1869
18253
1870
1872
18258
18259
1876
18260
1877
1879
18263
18264
1881
1882
1885
1886
1888
18272
18273
1890
1891
18275
1892
1894
1895
18279
18280
18281
1898
1899
1900
1901
18286
1903
18287
1905
18289
1906
18294
1912
18296
1913
18298
1915
18300
1918
1919
18303
1922
18306
1923
1925
18309
1926
1927
1929
18314
1932
18317
1934
1936
1937
1938
18322
1939
1941
1942
1943
1945
1946
1948
18334
1952
18336
1953
18337
18339
1957
18341
18342
1959
18343
1961
1963
1964
1965
18350
1967
18353
1970
1972
1973
1974
18360
1979
1981
18366
1983
1984
18368
1986
1987
1989
18375
1992
18376
1993
1995
1996
1997
1998
1999
18383
2000
18384
2001
2002
18387
2004
2005
2007
2008
2009
2011
2012
2013
18397
2015
2016
18401
2018
2019
2020
2021
18405
2022
2023
2024
18408
18409
2026
2027
2028
18412
2029
18413
2030
2031
18415
2032
18416
2033
2034
18418
2035
2036
2037
18421
2039
2040
2041
2042
18426
2044
18429
2046
18430
2047
2048
18432
2049
18434
2051
2052
2053
18437
2054
18438
2055
18439
18440
2060
2061
2065
18449
2066
18450
18451
2068
2069
2070
18454
2071
2072
2073
18457
2074
18458
2076
2077
18462
18463
2080
2082
2083
2084
2085
2086
2088
2089
2090
2092
18476
2093
2095
2096
2097
2098
18482
2099
2100
18484
2101
18485
2102
2103
2105
2107
18491
2108
2109
2110
18494
2113
2116
18500
2117
2118
18502
18503
2120
2121
2122
2123
18507
18508
18510
2127
18511
2128
2130
2132
18516
2133
2134
2135
2136
18520
2137
2139
2140
2142
18527
2144
18530
2147
18531
2148
2150
2151
2153
18537
2154
18538
2155
2156
2158
2160
2161
18545
2163
2164
2165
2166
2167
2168
2170
2171
2172
2173
2175
2177
2178
2179
18564
18565
2182
2183
18567
2184
2185
2186
18570
18571
2190
2191
2192
18578
2195
2196
2198
2199
18583
2200
2201
2202
18587
2204
2205
18589
2206
18591
2210
2211
2212
2213
2215
2216
18600
2217
2218
2220
2221
18607
2224
2225
2226
2227
2228
2229
2230
2233
2234
2235
2236
2237
2238
2240
18624
2241
2242
2243
18627
2244
2245
18629
2246
2248
2253
18637
2254
2255
2256
18640
2258
2259
18643
2260
2261
2263
2264
2266
2267
18651
2268
18652
2269
2270
2271
18655
2272
2274
18658
2275
18659
2276
2278
2279
2280
18664
2281
2283
18667
2284
18668
18670
2287
2288
18672
2289
2290
2293
2296
2297
2298
2299
18683
18685
2302
2303
2304
2305
2306
18690
2308
2311
2313
2314
2319
18703
2320
18704
2321
2322
2323
2324
2325
18709
2326
2327
18711
2328
2329
2330
18715
2332
2333
2335
18719
2336
2338
18722
2340
2342
2343
18727
2344
18729
2347
18732
2349
2350
2352
2353
2355
2357
18742
2359
18743
2360
2361
18745
2362
2363
18747
2364
2365
2366
2368
2369
2370
18754
2371
2372
2375
18759
2376
18760
2377
2378
18762
2379
2381
2382
18766
2383
2385
2386
2387
18771
2389
18773
2390
18775
2392
2393
18777
2394
2396
2397
2398
2399
18783
2400
18784
2401
2403
2404
2405
2406
18790
2407
2408
2409
2410
2411
2412
18797
2414
18798
2415
2416
2418
18802
2420
2421
18805
2422
18806
2424
2425
18810
2427
2429
2430
2432
2434
2435
2436
2437
18821
2438
18822
2439
2440
18825
18826
2443
2444
2445
2446
2447
2448
18833
2450
2451
2454
2456
2458
2459
18843
2460
2461
2463
2464
2465
2466
18850
2467
2468
18852
2469
2471
2472
2473
2476
2477
18861
2480
2481
18865
2482
2484
2485
2486
18871
2489
2490
2491
18875
2492
18876
2494
2495
2496
2498
2499
2501
18886
2503
2506
2507
2509
2510
18894
2511
2512
18897
2515
18899
2516
18900
2517
2518
18902
2519
2520
2521
2523
18907
2525
18909
2526
18910
2529
2530
2531
18916
2535
2536
18920
2537
2538
2540
2541
2543
18927
2544
18928
2545
18929
2546
18932
2550
2551
2552
2554
2555
2556
2557
2560
2561
18946
2564
2566
18950
2568
2570
2571
2572
18959
2576
18962
2579
18963
2580
18964
2581
2582
2583
2584
18968
2585
18969
2588
18973
2590
2591
2594
2595
18979
2596
2597
18981
2598
18982
2599
2600
2602
2603
18987
2605
2606
2607
2608
2609
18993
2610
2611
2612
2613
2614
2616
2618
2619
2620
19004
2621
2625
2626
2627
2630
2634
2635
2636
19020
2637
19023
2640
2641
19025
2645
19029
2646
19030
2648
2649
2650
2653
2654
2655
2656
19040
2657
19042
2659
2660
2661
2662
2663
19047
2666
2668
2669
19054
19055
2673
2675
19059
2676
19061
2679
2682
2683
2684
2685
2687
2688
2689
19073
2691
2692
2693
19081
2698
2700
2701
2702
2704
19088
2705
2707
2708
2709
2710
19094
19095
2712
19097
2714
2717
2718
19102
2719
2720
2721
2722
2725
2729
19113
2731
19116
2733
19117
2734
2738
2739
2740
19124
2742
2743
2744
2745
19129
2749
2750
2751
2752
2753
19137
19138
2755
2756
2758
2759
19144
2762
2763
19148
19149
2766
2767
19151
2768
19152
2769
2770
19154
2771
2772
19156
2774
2775
2776
19162
19163
2780
2781
19165
2786
19170
2787
2789
2790
2791
19175
2792
2793
2794
2795
2796
19181
2798
2801
2802
2803
19187
2804
2806
19191
2808
19192
2809
2811
19196
2813
19197
2814
2815
19199
2816
2817
2819
2820
19205
2824
2826
19210
2828
19212
2829
2830
2831
2832
2834
2835
2836
2837
2839
2840
2841
19225
2843
2844
19228
2846
2848
19232
19233
2850
2851
2853
19237
19238
2855
19239
2859
2860
2863
19247
2865
2867
2869
2871
2872
19256
2873
19257
19258
2875
2876
19260
2877
19261
2878
2879
2880
2882
19266
2883
2885
2889
19273
2891
2892
2893
19278
2895
19279
2897
2900
19284
19285
2902
2903
2904
19288
2905
19289
2906
19291
2910
2911
2912
2914
19298
2915
19299
19301
2918
19302
2919
19303
2926
2927
2928
2929
2930
2934
2935
2936
2938
2939
19323
2940
2941
2942
2943
19327
2944
2945
2946
2949
19335
2952
2954
2955
19341
2958
19343
2960
2961
2962
19346
19347
2964
2965
2966
19350
2968
2969
2970
19354
2974
19358
2977
2978
2979
2980
2982
2985
2986
2989
19373
2991
2992
2993
2994
2995
2996
19380
2997
19381
3002
3004
19388
3005
3006
19390
3008
3010
3011
3013
3015
3016
3017
3018
19402
3019
3020
3022
19406
3023
3024
3025
3026
3027
3028
3029
3032
3033
19417
3034
3035
3036
3037
3038
3039
3041
3042
3043
3044
19428
3045
19429
3047
3048
3050
3052
19436
19437
3054
3055
19439
3057
3059
3060
19444
3061
3062
3065
19449
3066
19450
3067
3069
3070
19454
3071
19456
3073
3074
3075
3076
3079
3080
3081
3082
3083
3084
3086
3087
19471
3088
19473
3091
3092
19477
3094
19478
3095
3096
3097
19481
3098
3099
3101
3102
19487
3105
19489
3106
3108
19492
3109
3111
3112
19496
3113
3114
3115
3116
19500
3117
3119
3120
3121
19506
3123
3124
3125
3126
19510
3127
19511
3129
3130
3131
3132
3133
3135
19519
3136
3139
19523
3140
3141
3142
3144
3145
3148
3149
3151
3152
3154
3155
19539
3157
3158
3159
3160
3161
3162
19546
3163
19547
3164
19548
3166
3167
19551
3168
19552
3169
19553
3170
3171
19555
3172
3173
3174
3175
19559
3176
3177
19561
3178
3179
19563
3182
3184
3185
3187
3188
19572
3189
3190
19575
3192
3193
19577
3197
19582
3200
3203
3204
3205
3206
3207
3208
19593
19595
19596
3213
3214
3215
19599
3217
3218
3219
19603
3220
3221
19605
3222
19607
3224
19608
3226
3228
3229
3231
3232
19616
19617
19618
3235
3236
3237
3238
3239
19623
3240
3241
3242
3244
3246
3247
19631
3248
3249
3251
3252
3254
19639
3256
3257
3258
3259
3260
3261
3262
3263
3264
3265
3267
3270
3271
3272
3275
3276
3277
3278
19662
3279
3280
3281
19665
3282
3284
3285
3286
3287
3288
19673
3290
3291
3292
3293
3294
3295
19679
3296
19680
3298
19682
3300
3301
19685
3302
19686
3303
3304
3305
3306
3307
19693
19695
3312
3313
19698
3315
19700
3317
19701
3318
3320
3321
3322
3323
3324
3325
3327
3328
19714
3331
3332
19716
3334
3335
3338
19722
3339
3340
19725
19726
3343
3344
3346
19730
3347
3348
3349
3351
3352
19736
3353
3355
19739
3356
19740
3357
3358
3359
19745
3362
3363
19747
3364
19749
3366
3367
3368
19752
3369
3370
19754
3371
3372
3373
3374
3376
3377
3378
3382
3383
3384
3385
19772
3391
3392
3394
3395
3396
19780
19781
19783
3401
3402
3403
3404
3405
19789
3406
3407
3408
3409
3410
3411
3412
19796
3413
19797
3415
3417
19801
3418
3423
3424
19810
3429
3431
3432
19817
3434
19818
3435
3436
19821
3438
3439
3440
3441
19826
3443
3444
19829
3446
3447
3448
3449
3450
19834
3452
3454
3455
3456
19841
3458
3459
3461
3462
3463
19848
3465
19849
3466
19850
3468
3469
19854
3471
3472
3473
3474
19858
3475
19859
3477
3478
3481
19865
3482
3483
3484
3486
3487
3488
3489
3490
3492
3493
19877
3494
3495
3497
19881
3500
3501
19885
19886
3503
3504
3507
3509
3510
19894
3511
3512
3514
19898
3518
3519
19903
3521
3522
3523
3524
19908
3525
3526
3527
19911
19912
3529
3530
3531
19916
3533
3534
19918
3535
19919
19920
3537
19923
3540
3543
19927
19931
3548
3551
19935
3552
3553
19937
3554
19938
3556
3558
3559
3560
3562
3563
3564
3565
3566
19952
3569
3571
3572
3574
3575
3576
3577
3578
3580
3581
19966
3583
3584
3587
3588
19972
3589
3590
3592
3593
3594
3595
19980
3597
3598
19982
3599
3600
3601
19985
3602
3603
3606
3608
3609
3610
3611
19995
3612
19997
3614
3615
20000
3617
3618
3620
20004
20005
3622
20007
3624
3625
20009
3626
3627
3628
3629
20013
20015
3632
20016
3634
3635
20019
3636
20020
3638
20022
20023
3640
20024
3641
3642
20028
3645
3646
20030
3647
3649
3651
3652
3653
3654
3655
20039
3657
3658
3660
20046
3663
20047
3664
20048
3666
3667
3670
3671
3672
20056
3673
3675
20059
3676
3678
3679
3680
3681
3682
20066
3683
3684
20068
20069
20071
3688
3690
20074
3691
3692
20077
3694
3695
3696
3699
3700
3701
3702
20086
3703
20087
3704
3705
20089
3706
3707
3708
20092
3709
20093
3710
3711
3712
20096
3713
3714
3716
3717
20102
20103
20106
3723
3724
3725
3726
20111
3728
3729
3731
3732
3733
3734
3735
3737
20121
3739
20123
3740
3741
3742
3743
3744
20128
3745
20130
3748
20132
3749
3751
20136
3753
3754
3756
3757
3758
3761
3762
20146
3764
3765
3766
20150
3767
3769
3770
20154
3773
3774
3775
3776
20160
3777
3779
3780
3782
3783
20167
3784
20168
3785
20169
3786
3788
20172
3789
3790
3791
3792
3794
20178
3795
3797
20181
3799
20183
3800
3801
3802
20186
3803
3805
3807
3809
3811
3812
20196
3813
20199
3816
20200
3817
3818
3819
20203
3820
3821
3822
3823
3824
3826
3827
3828
3830
3832
20216
3833
20217
20219
3836
20220
3837
3838
3839
3840
3841
3844
3846
3847
20231
3849
3850
20235
3852
3854
3855
3856
20241
3858
3859
3860
20244
3861
3862
3863
3864
3865
3866
20251
3868
20252
3869
20253
3871
3873
3874
20259
20260
3877
3878
3879
20263
3880
20264
3881
20266
3883
3884
3885
3886
20270
3888
3892
20276
3893
3895
3897
3898
20286
3903
3904
3905
3907
3909
20293
3911
20295
3912
20296
20297
3914
3916
20300
3917
20301
3918
3920
3921
20305
3925
3926
3929
3930
3931
3933
20317
3934
3937
3938
20322
3939
20323
3940
3941
20326
3943
3944
20328
3945
20329
3947
3948
3950
3951
20336
20337
3954
3955
20339
3956
20340
3959
20343
3960
3963
20347
3964
3965
3966
20351
3968
3969
3970
3972
3976
20360
3977
20361
3978
20362
3980
3981
3982
20366
3983
3984
3986
3988
3989
20373
20376
3993
3994
20378
3995
3996
3997
3998
3999
20383
4000
4001
4002
4003
20389
4006
20391
4008
20394
4011
4012
4014
4015
4016
20400
4018
4019
4020
4021
20405
4022
4023
4024
4025
20409
4026
4028
4029
4030
4031
4033
4037
4038
4039
20423
20424
4041
4043
4044
4045
4046
4048
20432
4049
20433
4050
20434
4051
4052
4053
4054
4056
20440
4057
20441
4058
4060
4062
4063
4064
20449
4066
20450
4067
4068
20453
4070
20454
4071
4072
4073
4074
4075
4076
20460
20461
4078
4079
4080
4084
4085
4087
20473
4090
4091
20475
4092
4093
4096
20480
4099
4102
4103
20488
4105
20489
4106
20490
4107
4109
4111
4115
4116
4117
20501
4118
4119
20503
4122
4124
20509
4126
4127
4129
20513
4130
4132
20516
4133
4134
4135
4137
20521
4139
20523
20524
4141
4143
20527
4144
4145
4146
4147
4148
4149
20533
4150
20535
20538
4155
4156
20540
20541
4158
4159
20544
4161
20545
4162
4163
4165
4166
4168
4170
20554
4171
4173
20558
4175
20560
4178
4179
20563
4180
4181
20565
20569
4186
20570
20571
4188
4190
20575
4192
4193
4196
4197
4198
4199
4200
4201
20585
4202
4203
4204
4206
4207
4209
4211
20595
4212
4213
4214
4217
4218
4220
4222
4223
4224
4226
4227
4228
4229
4230
20614
4231
20615
4232
4234
20618
4237
20622
4239
20623
4240
20624
4242
4244
4245
4246
20630
4247
20631
4248
4250
4251
4252
4253
4255
4256
4257
4261
4262
20646
4265
4266
4267
4268
4270
4271
4273
4274
20659
4276
4277
4278
20662
4280
4281
4283
20667
4284
20668
4285
20669
4287
4288
20672
4289
4291
20675
20676
4293
4295
4296
4297
20683
4300
20684
4302
4303
20687
4305
4307
4308
4309
4310
4311
4315
4317
4318
4319
20704
20705
4322
20706
4324
4325
4326
20711
4328
20712
4329
20714
20716
4334
4335
4337
4338
4339
20723
4340
20725
4343
4345
4346
20730
4347
4348
4350
4351
20735
4352
20736
4354
4360
20745
20747
4364
4366
4367
4370
4371
4372
4373
20757
20758
4375
20759
4376
4377
4378
20763
4380
4383
4384
4386
20770
4387
4388
4389
20773
20775
4392
20777
4395
20779
4396
4398
4399
4400
20784
4401
4403
4404
20788
20789
4407
20793
4410
4411
4412
20796
4413
20797
4414
4415
4416
20801
4418
20802
4419
4420
4423
20807
4424
4425
20809
4426
20810
4427
4430
4432
4433
4434
4435
4436
4437
4438
4439
4440
4442
20827
4444
20828
4446
4447
4448
20832
4450
20834
4451
20835
4452
4453
20837
4454
20838
4455
4456
20840
4458
20844
4463
20847
4464
4466
20850
4467
4468
4469
20853
4471
4472
4473
20857
20858
4475
4477
4478
4479
20863
4480
20864
4481
4482
4484
4485
20869
4486
4488
4489
4490
4491
4492
4493
4494
20878
4495
4496
20880
4497
4500
4501
4502
4503
4504
4506
4507
4508
20892
4509
4511
4512
20897
4514
4515
4516
4517
4518
4519
20903
4520
4523
4526
20910
20911
4529
4531
20916
20917
4535
4536
4538
4539
20923
4541
4542
4543
20927
4545
4546
20930
4548
20932
4549
4550
4551
4554
20939
4558
4559
4560
20944
4561
20946
4563
4564
20948
20950
4567
4569
4570
4571
20955
4572
4574
20958
4575
4578
4580
20964
20966
4583
4586
4587
4588
4589
4591
4592
4593
20977
4595
4596
4597
20982
4599
20984
4601
4602
4604
4605
4607
20991
4608
4609
20993
4610
20995
4613
20997
21000
4617
4618
4619
4620
4621
4622
4625
4626
21010
4627
21012
4629
4630
4631
4634
21018
4635
21019
4636
21020
4637
4638
4639
21023
4640
21024
4641
4642
4644
21029
4646
21030
4647
4649
4650
4651
4652
4653
4654
4655
21039
4656
4657
4658
4659
4660
4661
4663
4665
4666
4667
4668
21052
4669
21055
4672
21056
21057
4674
4675
4676
4677
4679
21063
4680
4681
4682
21066
21067
4684
4685
4686
4687
4689
4690
4691
21075
4692
21076
4694
21078
4696
4697
4698
21082
4699
21083
4700
4701
4702
21086
4705
4706
4707
4708
4709
4711
21095
4713
4714
21098
4715
4718
4719
4721
4723
21107
4724
4725
4726
21110
4727
4728
21112
4729
21113
4730
4731
21115
4732
4733
4734
4735
4736
4739
4740
21127
4744
4745
4747
4748
21132
4749
4750
4751
21135
4752
4753
4754
4755
4756
4758
21142
21144
4761
4762
4763
21147
4764
21149
4766
4767
4768
4769
21155
4772
4773
21157
4774
4777
21161
4779
4781
4782
4783
4784
4785
21169
4786
4787
4788
21172
21173
4790
4792
21176
4793
21177
4794
4796
4797
21183
4801
4803
4804
21188
4805
21189
4807
21191
4809
4810
4812
4813
21197
4815
4817
21201
21202
4819
21203
4820
4821
4822
21207
4824
4825
4827
4828
21212
4829
21213
4830
21214
21215
4832
21216
4834
4837
4838
4839
4840
21226
4843
21227
4845
4846
4847
21231
4848
21234
4851
4852
4853
21237
4854
4855
4856
21242
4859
21244
4862
21246
4863
4864
21248
4865
21249
4866
4867
21252
4870
21254
4871
4872
4873
21257
4874
21258
4875
21259
4876
4877
21261
4878
21263
4880
4881
21266
4883
4885
4886
21270
4887
4888
4890
21274
4891
4892
4893
4894
4895
4896
4897
4898
4900
4902
4903
4904
4906
4908
21292
4912
4913
4915
4917
21301
4918
21302
4920
21304
4921
4922
4923
4924
4925
4926
21310
4927
4928
4929
4931
4932
4933
4934
4935
4936
4937
4938
4940
21324
4942
4943
4944
4946
4947
21331
4949
4950
21335
4952
21336
4953
4954
4958
21342
4959
4960
21345
4962
21346
4964
4965
21349
4967
21352
4969
4970
4971
21355
4972
4973
4974
4975
4976
4977
4978
4979
4980
21364
4981
21365
4982
4985
4986
4987
21371
4991
4994
4996
21381
4999
21383
5000
5001
21385
5003
5004
21388
5005
5006
5007
21391
5009
5011
5012
5014
5015
5016
5017
21402
5019
5020
5021
21405
5022
5023
5024
5025
5026
5027
5028
5030
21416
5033
21417
5034
5035
21419
5036
5037
5038
5040
5041
5044
5046
5047
5048
21433
5050
21434
5051
5052
5054
21438
5055
21439
5056
5057
5058
5060
5064
5066
21450
21451
5068
5069
5071
21458
5075
21459
5076
5077
5078
5079
5080
21465
5082
5084
5087
21471
21472
5089
21473
5090
5091
21475
5092
5093
5094
5095
5096
21481
5098
5099
21484
21485
5102
21486
5105
21490
5108
5109
5110
5111
5112
21496
5113
5114
5115
5117
5119
5120
5121
5122
21506
5123
5124
5126
21510
21513
21516
5133
5136
5137
21523
5140
5141
21525
5143
5144
5146
5147
5148
5149
5150
5151
5152
21536
5154
21538
5155
5156
5157
5158
5159
5160
5161
5162
21546
5164
5165
21550
5167
5168
21553
5170
5171
21555
5173
5174
5175
21560
5177
5178
21562
5179
5181
5182
5184
5185
5186
5188
21572
5189
5190
21574
5191
21575
5192
5193
21577
5195
5196
21580
5197
5198
5199
21583
5202
5204
21589
5206
5207
5209
21593
5210
21594
5211
5212
5213
5215
5216
21600
5217
21601
5220
5222
5223
5224
21608
5227
5228
5229
5230
5232
5233
5234
21618
5237
21621
5238
5239
5240
5243
21629
5246
5247
5248
5249
5254
5255
5259
5260
5261
5262
21647
5264
5265
21649
5266
5267
5268
5269
21654
5271
5272
5275
21659
5276
5277
5278
21663
5282
5283
5284
5285
5287
5288
5289
5290
21675
5293
21677
5294
21678
5296
5297
5299
21683
5302
21687
5304
21688
5305
21690
5307
5308
21692
5309
5311
5313
5315
21699
5316
5317
5318
21702
5320
21704
5322
5323
5324
21709
5331
21716
5334
21718
5335
5336
5338
21722
5340
21724
5341
5342
5343
5344
5345
5347
21731
5349
5350
21734
5351
5352
5353
21738
5355
5356
21740
5358
5359
21743
5360
5361
21746
5363
5364
5365
5366
5369
5370
5371
5372
5373
21757
5376
5377
21761
5378
21762
21763
5380
5381
5383
5384
5385
5386
5389
5392
5393
5394
21779
5396
5399
5400
21784
5401
21786
5403
21789
5407
5408
21794
5411
5413
5414
5415
21800
21801
5418
21802
5419
5420
21805
21807
5426
21810
5427
21811
5428
21812
5429
21813
5430
5431
5432
21817
5436
21820
5437
5438
5439
21823
5440
21824
5441
5442
21828
5445
21829
5446
5447
5448
5450
5451
5453
21837
5454
21838
21840
5457
5458
5459
5461
21845
5464
21848
5465
5466
5467
5468
5469
5471
5472
5473
5474
5475
21859
21861
5480
5481
5482
21866
5483
5484
21868
5485
21869
5486
5487
5488
21872
5489
5490
21874
5492
5493
5494
21878
5495
5496
5497
21885
5502
21887
5504
5506
5507
5508
5509
5510
5511
5512
5513
5515
5517
5518
21902
5519
5521
5522
5523
5525
21909
5526
5528
21912
5529
5530
21914
5531
5532
5533
21917
5534
21919
5536
5537
21921
5538
21922
5539
5540
21925
5542
5543
5545
21929
5547
5548
5549
5551
5553
5554
21938
21941
5560
21944
5561
5562
21946
5563
5564
5565
5566
21951
5568
5570
21957
5574
5576
5577
5578
21962
5579
21963
5580
21964
5582
5584
5585
21970
5587
5589
21973
21975
5592
5593
21977
5595
5596
5597
5600
21984
5602
21989
5606
5607
21991
5609
5610
5611
5613
5615
5616
22001
5618
5619
5620
5621
5625
5626
5627
5628
22012
5632
5635
5636
5638
22023
5640
5641
5642
5643
5644
5645
5646
22030
5647
5648
22032
5650
5651
5654
5655
5656
5657
5659
5660
5661
5662
5663
5665
5667
5669
5670
5671
22055
5672
22056
5674
5675
5676
5678
5679
5681
5682
22066
5684
22068
5685
5686
5687
22071
22072
5690
5691
5693
5695
5696
22080
5697
5698
22082
5700
22084
5701
22085
5702
22086
5703
5704
22088
5705
5707
5709
5711
5712
5713
5714
5715
22100
5717
5718
5719
5720
22105
5723
22107
5724
5725
5726
5727
5728
22112
5729
22114
5732
22116
5735
5736
22121
5738
22122
22123
5740
22124
5741
5743
22128
5745
22129
5746
5747
22132
5749
22133
5750
5751
5754
5755
5756
22140
5757
5758
22142
5759
5760
5761
5764
5766
5767
5770
5773
5775
5776
5777
5778
22162
5780
22165
5782
22166
5783
5784
22168
5785
5786
5787
22171
5788
5789
22173
5791
22175
22176
5793
5794
5795
5796
22180
5797
5798
22182
5799
5800
22184
5801
5802
22186
5803
5804
5805
5806
22191
5808
5809
22193
5810
5815
5816
5817
5818
22202
5819
22204
5821
5822
22206
5823
5824
5825
22209
22210
5829
5830
5831
5834
5835
5836
5837
22222
5839
5840
5841
22225
5843
5844
5845
5846
5847
5848
5849
22233
5851
22236
22237
5854
22240
5858
5859
22244
5861
5863
22247
5864
22248
5866
5867
22255
22256
5873
5875
5877
22261
5878
5879
5882
5885
22269
5886
5889
5890
5891
5892
22276
5894
5895
5896
5897
22281
22284
5901
5903
22287
5904
5905
5907
5909
5910
5911
22295
5912
22296
5913
22298
5915
5916
22302
5919
5920
5922
22306
5924
5925
5927
22311
5928
5929
5930
5931
5932
5933
22317
5934
5935
5936
22321
5938
5939
22323
22324
5941
22326
5943
5944
5945
22329
5946
5950
22334
5951
5952
5953
5954
5955
22339
5956
5958
5959
5960
22344
22346
5964
22349
5966
22351
5968
5969
22354
22356
5973
5974
5975
5976
5977
5979
5981
5983
22370
5987
5988
22373
5990
5991
5992
22376
5995
5998
22383
6000
6002
6003
6004
6005
6007
6008
22392
6009
6011
6012
6014
6016
6018
6019
22403
6020
6022
6023
22408
6025
6026
6027
22411
6028
22412
6030
6031
6033
6034
6035
6036
22420
6037
6038
22422
6040
6042
6043
6044
22428
6045
6047
6048
6049
6050
22434
6051
22439
22440
6057
22441
6058
22442
6059
6060
6062
22446
22448
6065
6067
22451
6068
6069
6070
6071
6072
22456
6073
22457
6075
22459
22460
6077
6079
22463
6080
6081
22465
6082
22466
6083
6084
6085
6086
6089
6091
6092
22478
6095
6096
6097
22482
6099
6101
6102
6104
6105
6106
6107
6108
6110
6112
6113
22497
6115
6116
6118
22504
6121
6122
6124
22508
6127
6131
6132
22516
6133
6134
22518
6136
6137
6138
22522
6139
6142
6143
6144
6145
22529
22531
6148
6149
6151
6152
6153
6154
6156
22541
6158
22542
22544
6161
22546
6164
6165
6168
6169
22553
6172
22556
6173
6174
6175
6176
6179
22563
6180
22565
6183
22569
6186
6187
6188
22572
22574
6191
6192
6197
22582
6199
6200
6201
22585
22586
6203
22588
6205
22589
6206
22590
6207
22591
6208
6210
6211
6212
22596
22598
6217
22601
6219
22603
6221
6222
22606
6223
22607
6225
6226
6227
6228
6229
6230
22614
6231
6232
6233
22617
6234
22619
6236
22621
6238
6239
6241
22625
6242
6243
22628
6245
6246
6247
6249
6250
22634
6252
6253
22638
6255
22639
6256
6257
22641
6258
6259
6260
22644
6261
6262
6263
6264
22649
6266
22650
22651
6268
6269
6270
6271
22655
6273
22657
6274
6276
6277
6278
6279
6281
22668
6285
6286
22670
6287
6288
6289
6291
6292
6293
22677
6294
6296
6297
6299
22683
6300
22685
6304
6306
22690
6307
6308
6309
6312
6316
6317
22701
6318
6320
6321
22705
6322
6323
6325
6326
6327
6328
6329
22713
6330
6331
22716
6333
22718
6335
6336
6338
22722
6339
6341
22725
6345
6346
22730
6348
6349
6350
6351
6352
6353
6354
6355
22739
6358
6359
6361
6362
6363
6364
6365
22749
6366
6367
6369
6370
6371
6372
6373
6374
6375
6376
6378
6379
6380
6381
6387
6389
22774
6391
22775
6392
6393
22777
22778
6398
6399
6400
6402
22789
6406
22790
6407
6408
22792
6409
6411
6412
22796
22799
6416
6417
6419
6420
6422
22806
22808
6425
6426
22810
6427
6431
22815
6432
6433
22817
6434
22818
6435
6436
6438
6439
6440
6441
6442
6445
22831
6448
22832
6449
6450
6452
6453
22837
6455
22841
6458
6461
6462
6465
22849
6466
6467
22851
22852
6469
6470
22854
22855
6472
6474
6475
6476
6477
6479
6480
22865
6482
6483
6484
6486
6487
22871
6488
6489
6490
6491
6492
6493
6496
22882
6499
6501
6502
6503
6507
6509
6510
6513
6514
6515
6517
22901
6518
22902
6520
6521
22905
6523
6524
22908
6525
22909
6527
6528
22912
6529
22914
6531
6534
6535
6536
6537
22922
6541
6544
6545
6547
22933
6550
6551
6552
6553
6554
6557
6558
22943
6560
22945
6562
6563
6564
6565
6566
6567
22953
6573
22957
6574
22958
6575
6576
6577
6579
6580
22967
6585
6586
6588
22972
6589
22974
6591
6594
6595
22979
6596
6597
6598
6599
6600
22984
6601
6603
22989
6609
6610
6611
6612
6613
6616
6617
23001
6618
23002
6621
23005
6622
6623
6624
6626
6628
6629
6630
6631
6632
6633
23017
6634
6635
23020
6638
23022
6642
6643
6644
6645
6646
23030
6649
6650
6651
6652
23036
6653
6654
6655
6656
23040
6657
6658
23044
6661
6662
6663
6664
6665
23049
6666
6667
23051
23052
6669
6672
6673
6674
6675
6677
6678
6679
6680
23064
6681
6682
6684
6685
23069
6686
6688
23072
6689
6690
6691
23075
6692
6693
6694
6695
6697
23081
6698
6699
6700
23085
6702
23086
6703
23089
6706
6707
23091
23092
6709
23094
6711
6712
23096
6713
23097
23098
6715
6716
23100
6717
23101
23102
6721
23105
6722
23106
6724
6725
6727
6728
6729
6730
6732
6734
6735
6738
23122
6740
6741
6743
6744
6745
6746
23130
23131
6748
6749
6751
23135
6752
6753
6754
23138
6755
6756
6757
6759
23143
6760
6761
6763
23147
6764
6765
23152
23154
6772
6773
23157
6775
6776
23160
6777
6778
6779
6781
23165
6783
6784
6785
23169
6788
6790
23174
6791
6792
6793
6794
23178
6795
6799
6800
6801
6803
6804
6807
6808
6810
6811
6812
23196
6815
6816
6817
6818
6819
6822
6823
6824
6825
6827
6828
23213
6830
6831
6832
6833
6834
23218
6836
6837
6838
23222
6839
23224
6841
6842
23227
6844
23228
6846
23230
6848
23233
6850
6851
6852
23236
6853
6854
23238
6855
23239
6856
6858
6859
6860
6861
6863
6864
6866
6868
6870
6871
6872
6873
6874
6876
6877
23261
6878
23262
6881
6882
6883
6884
6885
23269
6886
6887
6888
6889
23276
6893
6894
6897
6898
23284
6902
6904
6905
6906
6908
23292
6909
23293
6910
6913
6914
23298
6915
6916
23300
6917
23302
6919
6920
23305
6923
6925
6926
23310
6927
23311
6928
6930
23314
6931
6932
6935
6936
23320
23323
23324
6941
23325
6942
6943
23328
6945
6947
6948
23332
6949
23333
6950
23335
6953
23337
6955
23339
6957
23341
23343
6960
6961
23345
6963
23347
6964
6966
6967
6968
6969
6971
6972
23360
6977
6978
6979
23363
6980
6981
23365
6982
23366
6983
23367
6985
6986
23370
6987
23371
6990
23374
6991
6992
23376
6993
6994
23380
6997
23383
7002
23389
7006
7007
23391
7008
23392
7009
7010
23394
23395
23396
7013
7014
7015
7016
7017
7018
23403
7020
7021
23406
7023
7024
23410
23411
7028
23413
7030
7031
7032
7033
7034
7035
7037
23422
7040
23424
23425
7042
7043
7044
23429
23431
7048
7052
7054
23438
7056
7057
7058
7059
7062
7063
7064
7065
7067
23452
7069
7070
23455
7072
7074
7075
7076
23460
7077
23461
7078
23462
7079
7080
7081
7082
23466
7083
7084
23468
23470
7089
23473
7090
7092
23476
7093
23478
7097
7099
23483
7101
7102
7103
7104
23489
7106
23490
23492
7109
7110
7111
7112
23497
7114
7115
7117
7118
23502
7121
7122
23508
7125
23511
7128
7130
7133
7134
7135
7136
7137
23521
7138
23522
7140
7141
7143
7144
7145
7146
7147
23531
23535
7153
7154
7155
7157
23541
7158
7160
7161
23545
7163
7165
23550
7167
7168
23552
7169
23555
7172
7173
7174
23559
7176
23560
7177
7178
7180
7181
7183
7184
7185
7188
7189
7190
7191
7193
7194
7195
23579
7198
7199
7200
7201
23585
7202
7203
7205
23590
23594
7211
7213
23597
7214
7215
7216
7220
7221
7222
23606
7223
7224
23608
7225
7227
7228
7229
23613
7232
7233
7235
7236
23620
7238
23622
7240
7241
7243
7244
23628
7245
7246
7247
7248
23632
7250
7251
23635
7252
7253
7254
23638
7255
23639
7256
7257
23641
7258
7259
7261
7263
7265
23649
7267
7269
23654
7271
23655
7273
7275
7276
7277
7278
23663
7280
7282
7284
23668
7285
7286
7287
7288
7289
23673
7290
23674
7293
7294
23678
23679
7297
7299
7300
23684
23685
23687
7304
7305
7306
7308
7309
7310
7313
7314
7315
7317
23702
7320
7321
7322
7323
7324
7325
7326
23710
7327
7329
23714
7331
7332
23716
7333
7336
7337
7338
23723
7342
7345
7346
7347
7348
7349
23733
7350
7351
23737
7354
23739
7356
7358
7360
23744
7361
7362
23746
7363
7364
7366
23751
7368
23752
7371
23756
7373
7374
7375
7377
23761
7378
23765
7382
23766
7383
23767
7384
23768
7385
7386
7387
7388
23772
7389
23773
7391
23775
7392
7393
7394
7395
7396
7397
23781
7401
7402
23786
7403
7404
7405
23789
7406
23791
7408
7409
23793
23794
7411
23795
7412
7413
23797
7414
23798
7415
7416
7418
23802
7420
23804
7421
7422
7423
7424
7425
23809
7426
23810
7427
7428
23812
7429
7430
7433
23817
7434
23819
7437
7439
23823
7440
7441
7443
7444
7445
23829
7447
23832
7451
7452
7453
7454
23838
23839
7456
23840
23841
7462
23846
7463
7464
23848
7466
7467
7469
23853
23856
7473
7474
7476
7477
7478
23864
7481
7482
7483
7487
7488
23872
23873
7490
7491
23875
7492
7493
23879
7496
7498
7500
23884
7501
23885
7502
23887
7504
7506
7507
7509
7510
7512
7514
7515
7517
7518
7519
7520
7521
7522
7523
7524
7525
23909
7528
23912
7530
23914
7531
23915
7532
7533
23917
7534
23918
7535
7536
23921
7538
7539
23923
7541
7542
23927
7544
23928
7547
7548
7550
7552
7553
23937
7554
7555
23939
23941
7558
23944
7561
23945
7562
7565
7568
7569
7570
7571
7573
7574
7575
7576
7577
7579
7584
7585
7586
23971
7588
23972
7589
7591
7593
7594
7596
23980
7597
7598
7599
23983
7600
7601
7602
7603
7604
23989
7606
7607
7608
23993
23994
7612
7613
7615
7617
24001
7618
7619
7620
7621
7622
7623
7624
7625
24009
24010
7628
7629
24013
7630
24014
7631
7632
7633
7634
24018
7635
24020
7637
7638
24022
7639
7641
7643
7645
7646
24031
7648
7650
7651
24035
7652
24036
7656
24040
7658
7659
24043
7660
24044
7661
7663
7664
24048
7666
24051
7672
7673
24057
7675
7677
24061
7678
7679
24063
7680
7681
7682
7683
24068
7685
7686
7687
24073
24075
7692
7693
7694
7695
7696
7697
7699
24083
7700
7701
7703
24087
7704
24088
7705
7706
7707
7708
24092
7710
7716
7717
7718
24104
7721
7722
7723
7724
24108
7726
24110
7728
7729
24114
7731
7732
7733
7734
24119
7736
24121
7738
7740
7741
7742
7744
24129
7746
7747
7748
7750
7751
7752
7753
7754
24138
7756
7757
24141
7760
7761
24147
7764
7765
7767
24151
7768
24152
7769
7771
24155
7772
7773
7774
24159
7776
7777
24161
7778
7779
7780
7781
24165
7782
24167
7787
7788
7789
7792
7793
7794
24178
7796
7797
7798
7801
24186
7803
7804
7805
24189
24190
7807
7808
7809
7810
24194
24196
7813
7814
24201
7818
24204
7821
24205
7822
24207
7824
7827
7828
7829
7830
24214
7831
7832
7833
24218
24219
7836
7837
7838
7839
7841
7843
24228
7845
7850
24234
7851
7853
7854
24238
7855
7856
7857
7858
7860
7861
7863
7864
7865
7867
24251
7868
7869
24253
7870
7871
7872
24256
7874
7875
24261
7878
7879
7880
7882
7883
7884
7886
24270
7887
7888
7889
7890
7891
24275
7892
7893
7894
7895
24279
7896
7897
7898
7899
24283
7900
7901
7902
7904
7905
7906
7911
7912
24296
7913
7914
7915
24299
7916
7917
24302
7919
7920
7923
7924
7925
24312
7929
24314
7931
7932
24317
7934
7936
7937
7938
7939
7940
24325
7942
24326
7943
24327
24328
7945
24330
7947
7948
7951
7952
7953
7954
24338
7955
7956
24340
7957
7958
7959
7960
7962
7963
7965
7967
24351
7968
7969
7970
24354
7972
7975
7977
7978
24362
7979
7982
24366
7983
7985
24373
7992
24376
7993
7994
7995
24379
7996
7997
24381
7999
8000
8001
8002
8003
24387
8004
24388
8005
8007
8008
24392
8009
24395
8012
8013
8015
8016
8017
8018
8020
8022
8024
8025
8026
8028
8029
8030
8031
24415
24416
24417
8034
8035
8039
24423
8040
24424
8043
24427
8044
8046
8047
8048
24432
8050
8051
8052
8053
8054
8055
24439
8058
8059
8060
8061
8062
24446
8065
24449
8066
8067
8068
8070
8071
24455
8072
8074
8076
24460
8078
8079
8081
8082
8083
8084
24468
24469
8086
8087
24471
8090
8091
8092
24476
8093
8094
24478
8096
8098
8099
24483
24485
8102
8103
24487
8106
8107
24491
8108
8109
8110
24494
8112
8113
24497
8114
8115
24499
8117
8118
8120
8121
8122
24507
8124
8127
8128
8131
8132
8133
8134
8135
8136
8137
8138
8139
8140
8141
24525
8142
24526
8143
24527
8145
8146
8148
8150
8151
8152
8153
8154
8156
24541
24543
8161
8162
8163
8164
8166
24550
8167
8168
8169
8171
8173
8174
24558
8175
8177
8180
8181
8182
8184
24568
8185
24569
8188
8189
24573
8193
8194
8195
8196
24580
8197
8198
24583
8200
8201
8202
24586
8203
8205
24589
8206
24590
8207
8210
8211
8213
8214
8216
8217
24601
8219
24605
24606
8224
8225
8227
24611
8228
24613
8231
24615
8232
8234
8235
8236
24621
8238
8239
8240
24624
8241
24625
8242
8243
8244
24628
8245
8246
8248
8249
24633
8250
8251
8253
8254
24638
8255
8258
8260
24644
24646
8263
8264
24648
8265
8267
24651
8268
8269
8272
24656
8274
8275
24659
8276
8278
8279
8280
24664
8281
24667
8285
8286
24670
24671
24673
8290
24674
8292
24677
8295
24680
8297
8298
24682
8299
8300
24684
8303
8304
24688
8305
8306
8307
24693
8311
8312
24696
8313
24697
8314
8315
8316
8317
8318
8319
8320
8321
8322
24707
8324
8326
8327
8328
8329
8331
24717
8334
24718
8335
8336
8338
8339
8340
24724
24725
8342
8343
8344
8346
8347
24732
8349
8350
8352
24736
8353
8356
24740
8358
8359
24743
8360
24744
8361
24745
8363
24747
8364
24749
8366
8367
8368
8369
8370
8371
8372
8373
8374
8375
24759
8376
24760
8377
24761
8378
8380
8381
8382
8383
8384
8386
24770
8387
8388
8389
8391
24775
8392
8395
8398
8399
24784
8401
8402
8403
8404
8405
8406
8407
24791
8410
24795
8414
8415
24799
8416
8417
8419
8420
8421
8422
24806
8423
8424
24809
8426
8427
8428
8430
24814
8431
24815
8432
8433
8434
8435
8436
24820
8437
24821
8441
8442
8443
8444
24831
8449
8450
8451
8452
24836
8454
8455
24840
8458
8459
24843
8460
8461
24846
24847
8464
8465
8466
24850
24851
8468
8470
8471
8472
8473
8474
8475
24859
8476
24860
24862
24864
8483
24867
8484
8486
8487
8488
8489
8491
8492
8493
24878
8495
8496
8497
8498
8499
8500
8503
8504
8505
24889
8506
8508
8509
8510
8511
8512
8513
8515
24899
8516
8517
24901
8520
24904
8523
24907
8525
8526
8528
8529
8532
24916
8533
8534
24920
8537
24922
8539
8540
24924
8541
24926
8543
8544
8546
24930
8547
24931
8549
8551
8553
24937
8554
8555
8556
8557
24941
8558
8559
24943
8560
24944
8561
24945
8562
8563
8565
8566
8569
24953
8574
8575
8576
8577
24961
8578
8579
8580
8582
24967
24968
8585
8586
8588
8590
24975
8592
24976
8593
24977
8594
24978
8595
8596
24980
24982
8599
8600
24986
8603
24987
8604
24989
24990
8607
8608
8609
24993
8610
8611
8612
8613
8614
8615
24999
8618
8619
8620
8623
8625
8626
25011
8629
8630
25014
25016
8633
8634
8636
8637
25021
8639
25023
8640
8641
25025
8642
8644
8645
8646
25030
8648
8651
25036
8653
8655
8656
25040
25041
8658
8659
25043
8660
8661
8662
8664
8665
8666
8667
25051
8668
25054
8671
8674
8676
8677
8678
8679
25064
8681
8682
8684
25068
8685
8686
8688
25073
8690
25074
8691
25075
25076
8693
8694
8695
25081
8698
8699
8700
8701
25085
8703
8705
8706
8707
8708
25093
8710
8711
8712
8713
8714
8716
8717
8718
25102
8722
8724
25108
8725
8726
8727
8728
25112
8729
8730
8732
8734
25118
8735
8736
8737
25121
8738
8739
8741
25125
8742
8743
25129
8746
25132
8749
25133
8750
8751
8753
8754
8755
8756
8757
8759
25143
8760
8761
25145
8762
8764
25148
8765
8766
8767
8770
8773
8774
8776
8777
8778
25163
8780
25164
8781
8782
8784
8786
8787
8789
8790
25174
8791
25176
8793
25177
8794
25178
8795
25179
8796
8797
8799
25184
8802
8804
8806
25190
8807
8809
8810
8811
25195
25196
8816
8817
8818
8819
8820
8822
8823
25207
8824
8825
8826
8829
8830
8832
25216
8833
8834
8835
8836
8837
8839
8841
8842
25226
8843
25228
8845
25230
8848
25232
8849
8851
8853
8854
8858
25242
25243
8860
8862
8864
25250
8867
8868
8869
8871
8872
8873
8874
8875
8876
8877
8879
25263
8880
25264
8881
25265
8882
25266
8883
8884
25270
8887
8888
25272
25273
8890
8892
8895
25280
8897
8898
8899
8902
25287
8904
8905
25290
25291
8908
25295
8912
8913
8914
25298
8915
25299
8916
8918
8921
8922
25309
8927
25313
25315
8932
8933
8934
8936
8937
8938
8940
25324
8944
25329
8947
8948
25333
25334
8951
8952
25336
8953
8954
8957
25341
8958
8959
8960
8961
8962
8964
8965
8966
25350
8967
25353
25354
8971
8972
8973
25359
8977
8978
25362
8980
8981
8982
25370
8987
8988
8990
8992
25376
8993
25377
8994
8996
25380
8998
9000
25384
9001
9002
25386
9003
9004
9005
9007
9008
25392
9009
9010
25394
9011
9013
9015
9016
25402
25403
9020
9022
9023
9025
25409
9026
25410
9027
9028
9029
9030
25414
9031
25415
9033
9034
25419
9036
9037
9038
25422
9039
9040
25424
9042
9043
25427
9044
9046
25431
9048
9049
9050
9051
25435
9052
25437
9054
9056
9057
25441
9058
9060
25444
9061
25447
9064
9065
25449
9067
9068
9069
25453
9070
9074
9075
9076
9077
9078
25462
9080
9081
25466
9083
9084
9085
9086
9087
25471
9088
9090
9091
9093
9095
9096
9097
9098
9099
9100
25484
9101
9103
9107
9108
25492
9111
9113
9114
9116
9117
9118
9119
25504
25505
9122
9123
9124
25508
9125
25509
25512
9129
9130
9131
9132
9134
9135
9136
9138
9139
9140
25524
9141
25526
9144
9146
25531
9150
9153
9156
9158
25542
9160
9162
9163
9164
9165
25549
9168
9169
9170
9171
25555
9172
25556
9173
25557
9175
9177
25561
9179
9181
9182
25566
9183
9184
9186
9187
9188
9190
9194
9195
9196
9197
9198
25582
9199
25583
9200
9201
9202
9204
9206
25590
9207
9208
9209
9210
9212
25596
9213
9214
25598
9215
9216
9217
9218
9219
25603
9220
9222
25606
25607
9224
9225
9226
25611
9228
9230
9231
25615
9232
25617
9234
9235
9236
9237
9238
9239
9240
9241
9242
25626
9243
25631
9248
25632
9249
9250
9251
9252
9253
25637
9254
25641
9258
9261
9262
25646
9264
9265
9266
25650
9267
9268
9269
9270
9271
25655
9273
9274
25660
9277
9278
9279
25663
9281
9282
9283
9284
25668
9285
9287
9288
25672
9289
25673
9290
25674
9291
9292
9294
9295
9296
9297
9298
9302
25686
9303
9304
9305
25689
9307
9309
25694
9311
9312
9313
25697
9314
9315
9316
9319
25704
9322
25706
9323
25707
25708
9325
25710
9327
9328
9329
9330
9331
9334
9336
9338
9341
25726
9344
9345
25732
9350
9351
9352
9353
9355
9356
25740
9357
25741
9358
9359
9360
25747
9364
9365
25749
9366
9367
9368
25752
9369
25753
9370
9371
25757
9375
9376
9378
9379
25763
25764
25766
9383
9385
9386
25770
9387
9388
25773
9391
9393
9394
9395
9396
9397
25781
9398
9399
9400
25784
9401
9403
9404
9406
25790
9407
25791
9408
25792
9409
9411
9413
9414
9415
9417
9418
25802
9419
9420
25804
9421
9422
9424
25808
9425
9426
9427
25811
9428
9429
9430
9431
9432
9433
25817
9436
9437
9438
9439
9440
9441
9443
9445
9446
25830
9448
25833
9450
9451
9453
9454
9455
25840
9458
25842
9459
9460
25845
9462
25846
9463
9464
9465
9466
9467
9468
9469
25853
9472
9474
25858
9475
9476
9477
9478
9479
25863
25864
9481
25865
9482
9483
9484
9486
25871
9488
25872
9489
25873
9491
25875
25877
9494
9495
9496
9499
9500
9501
9502
25886
9504
25889
25890
9507
9508
9510
9511
9512
9513
9514
25898
9515
9516
9517
9518
9521
9522
9524
9525
9526
9527
9528
9529
25913
9530
9531
9532
25917
9534
9537
25921
9538
9540
25924
25925
9542
25926
9544
9545
25929
9546
9547
9548
9549
9550
25934
9551
9553
9554
9555
25942
9560
9561
9564
25948
9566
9567
9568
9569
9571
9572
9573
25957
9577
25961
9579
9580
25964
9581
9582
9583
9584
9585
9586
9587
9588
9589
9590
9591
9592
25976
9594
9595
25980
9597
9599
9601
9602
25986
9604
9606
9608
25994
9611
9612
9613
25997
25998
9615
26000
9618
9619
26003
9621
26005
26006
9623
9624
9625
26010
9627
9628
9631
9632
9634
9635
9636
9637
9639
26023
9640
9641
26025
9646
9647
9648
9649
9650
9651
9652
9653
9654
9655
26039
26041
9658
26043
9662
26048
9665
9666
9667
26051
26052
9669
9672
9674
9677
26061
26063
26065
26066
9684
9685
9686
26070
9687
9688
9689
9692
26079
26081
9699
9700
9701
9703
9704
9707
9708
26095
9712
9713
9714
9715
9717
26102
9719
26103
9721
9722
26106
9723
9724
26108
9725
26109
9729
9730
26114
9731
9733
26117
9734
9735
9736
9737
9739
9742
26127
9744
26129
9746
26132
9751
9752
9753
9755
26139
9756
26142
9759
9760
9761
26145
9762
9763
26147
9764
9765
9766
9767
26152
9769
9770
26156
9773
9774
9776
26160
9777
26161
9779
26163
9780
9781
9782
9783
9785
26170
9787
9788
9791
9792
9793
9794
9795
9796
9799
9801
9802
9803
26187
9804
9806
26190
9807
9809
9810
9811
9812
26197
9814
9815
26200
9817
26204
9821
9822
9823
26207
9825
9826
26210
9828
26213
9830
9831
26215
9836
9837
9838
26222
9839
26223
9840
9842
26227
9844
26230
9849
26233
9850
9851
26235
9852
9853
26237
9855
26239
9856
9857
9858
26242
9859
9861
9862
26246
9863
26247
9864
9865
9867
26251
9868
26252
9871
9874
9875
9876
9877
26262
9879
9880
26264
9881
9882
26268
9885
26270
9888
26272
9890
9891
26275
9892
9893
9894
9895
9896
9897
9898
9899
9900
9901
9902
9905
26289
9906
9907
9908
9909
9910
9911
9912
9913
9915
9916
9917
26302
9919
9920
9921
26305
9922
9924
9926
9927
26311
9928
9929
9931
9934
26318
9935
9936
9937
9940
9941
9942
26326
9943
9944
9945
9946
26330
9947
9948
26334
26336
26338
9955
9956
26340
9957
9959
26343
9960
9961
26345
9962
26347
9965
9966
26350
9969
9970
9972
26356
9973
9974
9975
26359
9976
26360
26361
9978
9979
9980
9981
9983
26368
9985
9987
9989
26373
9991
26375
9992
26376
9994
9995
9996
9997
26381
9998
10000
10001
10002
10003
10006
10008
26392
10010
10011
10012
10013
26398
10015
10016
10017
10019
26404
10021
10022
10024
26408
10025
10027
10028
26413
10031
26416
10033
26418
10036
10037
26421
10039
10041
10042
10045
10046
10048
10051
10052
26436
10053
10054
10056
26440
10057
26443
10061
26446
10063
10064
10065
10066
10067
26451
10068
10069
10070
26454
10071
10072
26456
10074
10076
10077
26461
10078
10079
10080
10081
10083
10084
26468
10085
10086
26470
10087
26472
10090
26474
10091
10093
26477
10095
10096
26480
10097
26481
10098
10099
26484
10101
26485
10102
10104
10105
26489
10106
10107
26491
10108
10109
10110
10112
10113
10114
10115
10116
10117
10118
26503
10120
10121
10122
26506
10123
10124
10125
10127
10129
26513
10131
26515
10132
26516
10133
10136
10137
10138
10140
10141
10142
10143
10144
26528
10145
10146
10147
10148
10149
10151
10152
10153
10154
10155
10156
26540
10158
10159
10161
10163
10165
10166
10168
26553
10170
10171
26555
10172
26557
10176
10177
10178
10179
10180
10181
10183
10184
26568
26570
10187
10188
10190
26574
10191
10192
26577
10194
26578
10195
26579
10198
10199
10200
26584
26585
26586
10204
26588
26589
26590
10207
10208
10209
10210
26597
10214
10215
10216
26600
26601
10220
26605
10223
26608
10225
26610
10227
10228
10229
10232
10233
10235
26619
26620
10237
10238
26622
10242
26627
10245
10246
10247
10248
10249
10250
10251
10252
10254
10255
10256
26640
10258
10259
10260
10261
10262
10263
26647
10264
10266
26650
10270
26656
26657
10274
26658
10275
26659
10276
10277
26661
10278
10279
10280
26665
10285
10286
26672
10289
26673
10290
10291
10293
10294
10295
10296
10297
26681
26682
10299
26683
10301
10302
10303
10304
26690
10307
10308
10309
10312
10313
10315
26699
26700
26701
10318
10319
26703
26706
10324
10325
26712
10329
10330
10331
26717
26718
10335
26720
10337
10338
10341
10342
10344
10345
26729
26730
10347
10348
10350
26734
10351
10352
26736
10353
10355
10356
10357
10360
10361
10362
10364
26748
10365
26749
10367
10369
26753
10370
10371
26755
10373
26757
10374
26758
10375
10377
26762
10379
10380
10381
10383
10384
10385
10387
26771
10389
10390
26774
10392
26776
10395
26779
10396
10397
26781
10398
10399
10400
26784
10401
26785
10402
10403
26787
10405
10406
26790
10407
10408
26792
10409
10411
26796
10414
10415
10416
10417
10418
10419
10422
10423
10424
10426
26810
10427
26812
10430
10431
26815
10432
10433
10434
26818
10435
10436
10438
10439
10440
26824
10444
10445
10448
26832
10451
10452
10453
26838
10455
10456
10457
10458
10460
26846
10463
10465
10466
26850
10467
10468
10469
10471
10472
26857
10475
10476
10477
26861
10478
26863
10480
26865
10482
10483
10486
10487
10488
10489
10491
26875
26876
10494
10496
26881
10499
10500
26884
10501
26885
10502
10503
26887
10505
26889
10508
10509
10512
10514
26898
10515
10516
10517
26902
26903
10520
10522
10523
26907
10524
10525
10526
26911
10528
10529
26914
10532
10534
10535
10536
26920
10537
10538
26922
10539
10541
10542
10543
10544
26928
10546
26930
26931
10549
26933
10550
26934
10551
26935
10552
26936
10553
10554
10555
10559
10560
26944
10568
10570
10571
10572
10574
26958
10575
10576
26960
10577
10578
10580
10581
10583
10584
26968
10585
10586
10587
10588
10589
10590
10592
10593
26977
10594
10595
26979
10596
10597
10599
10603
26988
26989
10606
10607
10609
10610
10613
10614
10615
10616
27000
10617
27001
10618
27002
10620
27004
10622
10623
10624
10625
10627
27011
10628
27013
10632
10633
10634
10635
10636
10637
27021
10639
27023
10640
10642
10643
10644
10645
10646
10647
10649
27033
10650
10651
27035
10652
10653
27037
10655
10657
27041
10659
10660
10661
10662
10663
10667
10668
10670
10672
10673
10674
10676
10679
10680
10682
27066
10683
10684
10685
10686
27070
10688
10689
10691
10693
10694
10696
27081
10698
10699
27083
10700
10701
27085
10703
27087
10704
10705
10707
10709
10710
10711
10712
10713
10714
10715
10716
27104
10721
10722
27106
10723
10725
10726
10727
10728
10729
10731
27116
10733
10734
10735
10736
10737
27121
10738
27122
10739
10740
27128
10746
10747
10748
10749
10750
27134
10751
10752
27136
10753
10754
10755
27139
10756
10759
10760
10762
10763
10764
27149
10766
27150
10768
10769
10770
10771
27155
10772
27156
10773
10775
27159
10776
27160
10777
27161
10779
10780
10782
27167
10784
10787
10788
27172
27173
27174
10791
10792
10793
10795
10796
10797
27181
10798
10800
27187
10804
10805
10806
10809
10810
10813
10814
10815
10816
10817
27201
10818
27202
10819
10820
10821
10823
10824
10826
10830
10833
10834
27218
10835
10836
10837
10838
10839
10840
10841
10842
10843
10844
10845
10846
27232
10849
10852
10853
10854
27238
10855
10856
27240
10857
10858
27242
10859
27244
10861
27245
10863
10864
10865
27249
10867
10868
10869
27253
10870
10871
10873
10874
10875
10876
10877
10878
10879
27263
10880
10881
10883
10884
10885
27269
10886
10887
10888
10889
10890
10891
27275
10892
10893
10894
10895
27279
10896
10897
10899
27283
10901
27286
10903
27287
10905
10906
10908
10909
10911
27295
10912
10913
27297
10914
27298
10915
27299
10916
10917
27301
10918
10919
10920
27304
10921
10922
10923
27307
10924
27308
10925
10926
10927
27312
10930
10932
10933
10934
27319
10937
27323
10940
27324
10941
27325
10942
10944
10945
27329
10946
10947
27331
10950
27334
10951
27335
10952
27336
10953
10955
10956
10957
10958
10959
10960
27344
10961
10962
10964
27349
10966
27352
27353
27354
10971
10972
10973
27357
10975
10976
27360
10978
10979
10980
27364
10981
10983
10984
27368
10985
10987
10988
10989
27373
10990
10991
27375
27376
10993
10995
10996
27381
11001
27386
11003
11006
11008
11009
11010
27394
11012
11013
11014
11015
11016
11017
11018
27402
11020
11021
11022
11025
11026
11027
27411
11029
11030
11031
27415
11032
11033
27417
11034
11035
27419
27420
11037
11040
27425
11042
11043
27428
11046
11047
11048
11050
27434
11051
11052
27436
11053
11054
11057
27441
11059
11060
11061
11063
11064
11065
11066
27450
11067
27451
11068
27452
11071
11072
11073
27457
11074
11075
11076
27461
11078
11079
11080
27464
11081
11082
11084
27468
11085
11087
11089
11090
11095
11097
11099
11100
27487
11105
27489
27490
11107
11109
11110
11111
27498
11115
27499
11117
27501
11119
27503
11120
11121
11123
11124
27508
11125
11127
27511
11128
11131
11132
11133
11134
11135
27520
11137
11138
27522
11140
11141
11142
11143
11144
11145
11147
11148
11149
11151
27535
11152
11153
27537
11154
11155
27539
11156
11157
27541
11158
11159
27543
11161
27545
11163
11167
11168
11171
11173
27557
11174
27559
11177
27561
27562
27565
11182
11183
27567
11184
11185
11186
11187
11188
11190
27577
11194
11195
27579
11196
11198
27583
11200
27587
11204
11205
11206
11207
27592
11209
11210
11211
11212
11213
11214
27598
11215
11216
11217
11218
27602
11220
27604
27605
11223
11224
11225
27609
11231
11233
27617
11234
11235
11237
11240
11241
11242
11244
27629
11246
11247
11248
11249
11250
11251
11253
27637
11254
11255
11256
11257
11258
27642
11259
11262
11263
27648
11265
11266
11267
11271
27655
11273
11275
27661
27664
11283
27667
11284
11285
27669
11287
11288
11289
27674
27675
11292
11293
11294
11295
27680
11297
11299
11302
11308
11309
27694
11311
27696
11314
27699
27700
27701
27702
11323
11325
11327
27712
27715
11332
11334
27720
27721
11338
27722
11341
27726
11344
11345
27731
27732
27733
11351
27737
11357
27741
11360
27744
27748
11368
11372
27760
11378
11379
27763
11381
27766
11385
27776
27779
27781
27782
27784
11401
27786
11405
27789
11409
11410
27797
27799
27800
27806
27807
11424
11426
27812
27817
11434
11436
27820
11437
11441
27826
27830
11448
11453
11457
11458
27846
27847
11464
11465
27852
11470
11471
11472
27856
27857
27860
11479
11480
11483
27872
27873
27875
11496
11499
11501
27885
11502
27890
27892
27893
11521
11522
27907
11526
27910
11532
11533
27917
11534
11537
27924
27925
11544
11550
27938
27944
11561
11562
27946
11563
11564
11568
27952
11571
27956
27957
11574
11575
27962
27966
27972
11597
27982
27983
27987
27988
27990
27992
11611
11614
11615
28005
11622
11624
28008
11626
28010
28011
28014
11631
11633
11634
28019
28020
11638
28022
28024
11647
11648
11650
28037
28039
11656
28042
28043
28046
28048
11665
28049
11666
11667
11669
28060
11677
11678
28063
11684
11685
28072
28077
28079
28080
11697
28081
11699
28083
11703
28088
11705
11712
11717
11718
11720
11723
11725
28112
28114
11734
28118
11735
11737
11740
11744
28133
11752
28136
11753
28140
11758
11759
11761
11762
11763
28148
28150
11768
28152
11771
28155
28157
11777
11778
11781
11786
11787
11788
11791
28175
28180
11797
11803
11807
28192
11809
11812
28201
11819
28203
28204
28205
11822
28208
11828
11829
28213
11830
28214
11831
11833
11834
28218
28223
11840
11846
28232
28233
11850
28236
11853
28240
11857
11864
28248
11868
28253
11870
11873
28259
11876
11877
11878
11879
11884
11895
11901
11909
11915
11919
11922
11926
11931
11932
11935
11936
11944
11945
11947
11950
11958
11959
11962
11964
11972
11978
11979
11985
11987
11989
11990
11992
11993
12008
12009
12010
12011
12013
12015
12017
12021
12024
12035
12040
12043
12044
12049
12050
12053
12055
12059
12066
12075
12081
12086
12087
12090
12091
12095
12097
12098
12101
12102
12106
12108
12109
12112
12113
12117
12124
12129
12130
12135
12137
12139
12140
12141
12142
12148
12149
12151
12153
12154
12160
12167
12173
12175
12181
12184
12186
12189
12193
12206
12214
12216
12226
12227
12231
12234
12237
12241
12246
12253
12260
12264
12269
12274
12279
12281
12282
12285
12287
12289
12291
12293
12294
12296
12299
12301
12302
12310
12314
12321
12334
12335
12339
12346
12347
12351
12354
12356
12358
12361
12363
12366
12367
12369
12374
12375
12378
12379
12382
12385
12402
12404
12411
12415
12416
12419
12422
12423
12428
12429
12440
12441
12444
12447
12448
12450
12452
12462
12464
12469
12479
12481
12488
12489
12493
12497
12499
12505
12506
12510
12514
12518
12519
12521
12522
12526
12528
12530
12534
12536
12537
12543
12549
12558
12559
12563
12566
12581
12583
12585
12590
12591
12593
12595
12597
12599
12600
12604
12606
12610
12612
12626
12627
12631
12633
12634
12641
12645
12646
12650
12655
12662
12664
12673
12683
12694
12697
12698
12705
12720
12726
12739
12740
12754
12755
12759
12761
12770
12781
12782
12783
12786
12787
12791
12799
12801
12807
12810
12811
12812
12822
12823
12824
12828
12837
12838
12845
12846
12848
12853
12854
12858
12865
12866
12876
12881
12897
12900
12902
12911
12913
12914
12921
12925
12927
12935
12938
12941
12944
12946
12947
12948
12952
12953
12955
12958
12959
12961
12965
12968
12970
12977
12979
12984
12988
12991
12996
12997
13007
13009
13016
13021
13025
13026
13027
13028
13030
13034
13035
13037
13046
13048
13049
13051
13055
13060
13061
13069
13072
13073
13074
13076
13084
13087
13091
13093
13101
13103
13104
13109
13115
13116
13119
13120
13121
13122
13134
13138
13146
13154
13161
13169
13171
13175
13177
13179
13180
13185
13186
13191
13193
13195
13198
13201
13207
13212
13213
13220
13223
13224
13225
13233
13234
13240
13242
13252
13253
13270
13272
13276
13279
13281
13282
13289
13293
13299
13302
13305
13306
13307
13309
13313
13319
13324
13326
13329
13332
13334
13335
13336
13337
13345
13348
13355
13357
13360
13361
13363
13367
13369
13374
13376
13382
13402
13407
13409
13410
13411
13416
13418
13423
13426
13427
13428
13430
13431
13433
13440
13446
13451
13456
13470
13476
13479
13481
13486
13487
13490
13493
13497
13498
13499
13509
13512
13514
13523
13526
13527
13535
13539
13550
13551
13553
13557
13559
13561
13564
13565
13569
13572
13573
13579
13580
13582
13584
13586
13589
13591
13596
13600
13602
13612
13615
13618
13629
13630
13632
13634
13640
13641
13653
13659
13663
13665
13672
13673
13674
13675
13676
13685
13686
13696
13699
13702
13703
13706
13707
13714
13715
13717
13721
13728
13734
13735
13742
13745
13746
13749
13752
13771
13774
13776
13782
13797
13798
13800
13801
13802
13808
13809
13812
13821
13822
13823
13824
13826
13838
13840
13843
13844
13847
13852
13854
13857
13863
13867
13868
13869
13874
13879
13880
13886
13891
13896
13900
13904
13906
13909
13910
13913
13920
13922
13924
13932
13933
13934
13935
13936
13940
13943
13949
13950
13957
13962
13969
13975
13976
13978
13982
13985
13986
13987
13988
14003
14005
14006
14008
14011
14012
14015
14017
14019
14020
14022
14024
14025
14036
14041
14048
14050
14053
14063
14064
14067
14069
14071
14072
14074
14076
14079
14080
14086
14088
14090
14097
14106
14110
14111
14119
14120
14133
14135
14136
14139
14145
14155
14157
14158
14160
14162
14164
14179
14181
14185
14187
14191
14203
14204
14206
14213
14214
14216
14223
14225
14226
14229
14231
14232
14233
14236
14238
14244
14246
14252
14256
14258
14259
14274
14275
14276
14277
14282
14285
14287
14305
14306
14308
14310
14312
14318
14320
14323
14325
14329
14331
14332
14334
14339
14346
14347
14363
14364
14366
14371
14372
14373
14376
14379
14380
14382
14389
14391
14392
14394
14397
14400
14407
14409
14419
14422
14443
14451
14452
14454
14455
14456
14459
14461
14462
14483
14484
14486
14491
14493
14494
14505
14506
14507
14510
14512
14516
14519
14524
14526
14528
14531
14533
14534
14538
14539
14540
14549
14553
14558
14560
14561
14566
14567
14568
14574
14576
14577
14578
14581
14583
14585
14591
14596
14597
14603
14604
14605
14617
14630
14631
14632
14642
14643
14657
14668
14673
14689
14690
14693
14702
14706
14709
14712
14717
14721
14723
14729
14732
14740
14741
14745
14747
14754
14757
14763
14765
14768
14770
14782
14784
14785
14787
14789
14795
14796
14798
14804
14805
14813
14814
14820
14825
14826
14830
14838
14841
14842
14844
14846
14849
14850
14851
14859
14866
14874
14876
14887
14890
14892
14893
14897
14901
14902
14907
14909
14911
14917
14920
14921
14925
14927
14931
14932
14934
14936
14939
14944
14949
14951
14952
14954
14958
14960
14963
14964
14965
14968
14969
14971
14974
14976
14978
14979
14990
14995
14996
14999
15001
15010
15011
15013
15014
15027
15033
15040
15048
15056
15060
15061
15062
15068
15070
15072
15074
15075
15077
15079
15090
15091
15092
15097
15102
15107
15121
15137
15138
15141
15142
15147
15154
15155
15158
15161
15163
15166
15171
15177
15180
15181
15182
15183
15184
15186
15191
15195
15196
15197
15201
15204
15208
15210
15211
15214
15216
15221
15224
15229
15231
15239
15240
15248
15249
15253
15259
15270
15272
15277
15284
15286
15287
15288
15296
15301
15306
15309
15325
15329
15337
15345
15346
15347
15352
15354
15357
15372
15375
15383
15387
15389
15391
15402
15404
15425
15432
15435
15437
15439
15448
15451
15453
15456
15457
15462
15464
15466
15476
15479
15480
15481
15482
15485
15491
15496
15498
15500
15503
15509
15511
15517
15521
15529
15531
15535
15537
15538
15546
15553
15555
15558
15577
15579
15587
15594
15597
15606
15614
15622
15624
15636
15640
15644
15648
15653
15655
15660
15668
15670
15673
15681
15684
15691
15692
15693
15694
15697
15698
15710
15713
15716
15721
15726
15730
15731
15733
15735
15738
15747
15751
15753
15757
15758
15759
15763
15768
15772
15786
15790
15792
15794
15797
15800
15802
15805
15807
15808
15809
15819
15821
15823
15824
15827
15828
15830
15835
15838
15839
15842
15843
15845
15846
15849
15851
15854
15855
15857
15862
15864
15874
15878
15879
15880
15889
15890
15903
15904
15905
15921
15924
15925
15937
15938
15939
15943
15945
15946
15952
15957
15961
15963
15964
15970
15974
15985
15993
15998
16000
16005
16008
16019
16021
16022
16025
16031
16038
16040
16046
16048
16049
16058
16060
16077
16080
16085
16086
16088
16089
16091
16092
16093
16096
16099
16100
16101
16102
16106
16108
16110
16111
16112
16116
16121
16123
16135
16137
16158
16164
16165
16166
16167
16169
16171
16176
16179
16180
16186
16193
16204
16207
16212
16213
16218
16228
16233
16234
16237
16239
16243
16245
16247
16248
16249
16253
16255
16257
16259
16266
16268
16269
16276
16285
16292
16294
16299
16302
16304
16306
16307
16315
16319
16322
16330
16331
16336
16343
16348
16363
16364
16368
16374
16381
129
0
256
258
6
264
10
13
14
270
274
21
23
28
284
29
285
35
292
294
41
302
303
49
305
313
58
59
318
63
321
67
72
328
332
79
80
337
338
89
90
346
99
355
100
102
359
360
362
109
365
366
112
114
372
373
118
119
120
376
379
383
128
129
130
387
389
390
393
138
394
395
140
143
145
401
402
147
403
148
150
406
156
158
415
418
421
166
167
423
170
426
172
429
430
175
176
184
185
443
448
193
449
195
451
197
457
202
458
203
205
465
210
212
469
470
215
475
220
478
223
225
229
230
237
242
247
248
251
253
