16342
0
3
4
6
7
32777
10
11
12
13
14
32783
16
18
19
20
32788
21
32789
22
24
25
26
32795
32796
29
30
32798
32
33
35
36
38
40
41
32809
43
32811
44
32812
48
49
50
51
32821
54
55
56
57
58
32826
59
60
32829
62
63
64
32832
67
70
71
72
73
74
75
76
78
32846
32848
82
32850
83
32852
86
87
32855
89
90
91
93
94
32862
95
96
98
32866
99
32867
100
101
102
103
105
109
110
112
32880
113
114
115
32883
116
119
120
122
123
125
126
127
32895
128
129
132
32900
32902
135
136
138
139
140
141
32911
144
145
32913
146
32914
147
149
32917
150
151
152
153
154
32923
158
160
161
162
163
32931
164
168
169
170
32938
171
172
32940
173
175
176
32944
177
178
32946
179
32947
180
181
32949
184
186
187
32955
32956
189
190
32958
193
32961
32962
195
32963
32964
197
32965
198
32966
199
200
32968
201
202
32971
204
32972
205
207
210
211
212
32981
214
215
216
218
219
220
32988
221
222
223
224
32992
225
226
227
228
32996
229
230
32998
231
33001
234
235
236
33005
238
240
33008
241
242
243
244
245
247
33015
248
250
33018
251
33019
252
253
254
255
256
257
33025
258
33026
33027
261
33029
262
263
264
265
266
33034
267
268
33036
269
33037
270
33038
33039
272
33041
274
275
276
277
278
33046
33047
280
281
282
283
284
33052
285
286
289
291
293
294
295
296
33064
297
298
299
300
33068
301
33070
303
33071
304
33072
33073
306
307
308
309
311
312
316
317
318
320
322
33090
323
324
325
326
327
33095
329
33098
331
332
334
33103
337
33106
339
33107
33108
341
342
33110
343
33111
33114
347
348
33116
349
33118
351
33120
353
354
355
356
357
33126
360
362
363
364
33132
366
33134
369
33137
370
371
373
33141
375
376
379
380
33148
381
382
33151
384
385
33153
386
33155
388
389
390
391
393
396
399
401
33169
402
403
405
33173
406
407
410
411
412
414
415
416
417
418
421
422
423
424
425
426
427
33195
428
429
430
431
432
33201
435
33203
436
33204
33205
438
439
440
441
442
33210
444
445
446
447
451
452
454
455
456
33224
457
458
33226
33227
460
461
462
465
466
33234
467
33235
468
469
470
471
33241
474
33242
475
476
33244
478
480
482
483
33252
485
486
487
33255
490
33260
493
33263
33264
497
499
500
33268
501
502
504
507
508
33276
509
510
33278
511
33279
514
516
517
33286
519
520
523
525
526
33294
527
528
530
531
532
33300
533
538
33307
541
542
543
546
548
549
33317
550
33318
551
556
558
33326
560
563
564
565
33333
568
570
571
572
573
574
577
578
33347
580
581
582
583
584
586
587
588
592
33360
593
33361
33363
596
33365
598
33366
599
601
602
604
605
607
33375
610
612
613
614
615
616
617
618
620
33388
622
623
624
626
627
629
630
631
632
33400
634
635
33403
33404
33405
638
639
641
643
33411
646
648
649
650
33419
652
33420
653
33421
33422
33423
33427
660
661
33429
662
666
667
668
669
33438
672
673
33441
677
678
679
680
681
682
684
685
688
689
690
691
692
33461
695
33463
696
697
698
699
700
701
702
703
704
705
33473
33474
708
709
33477
710
711
712
714
717
718
720
721
33489
723
724
725
726
33494
727
33495
729
33497
731
732
733
734
735
33503
736
737
739
740
742
744
745
748
750
751
752
753
754
755
756
758
760
761
763
766
767
769
770
772
773
774
775
776
33546
779
33548
781
33549
782
33550
784
33552
785
33553
33554
787
792
33563
797
798
33567
800
801
804
805
806
808
809
810
33580
813
814
33582
817
818
819
820
821
33589
823
33592
825
826
828
829
33598
831
33599
833
834
836
837
839
840
843
33611
844
847
849
850
852
33621
33622
855
33623
856
33624
857
858
33627
860
33628
861
862
864
33633
867
33635
868
869
871
872
873
874
875
878
879
880
882
33650
883
33651
885
886
887
889
890
892
33660
893
33661
896
898
899
900
902
33670
904
33673
907
908
909
911
912
913
914
916
917
919
922
923
33691
924
925
926
928
33697
931
33699
932
933
934
935
936
938
33707
940
942
943
944
945
33713
946
947
948
949
951
952
953
954
955
33723
957
958
33726
33727
960
961
962
964
966
969
970
33738
971
973
974
975
976
977
33745
979
980
981
982
985
988
989
992
33761
994
996
33764
997
998
999
1000
1002
1003
1004
1006
33774
1007
33775
1008
33776
1010
1011
1012
1013
33782
1015
33787
1020
1021
1023
1024
1025
1026
1028
1030
1031
33799
1032
1033
1034
1035
1037
1038
1039
1040
1041
1042
1043
1044
33813
1047
1048
1049
1053
33821
1054
33822
1055
33823
1056
1057
33826
1060
1061
1062
1064
1066
1067
1069
1070
1072
33840
1075
33845
1079
1080
1082
1083
1085
1086
1087
1088
33858
1091
33859
1094
1099
1100
1101
1102
1103
1104
33872
1105
1106
1108
1110
33879
1112
1113
1114
1115
1116
1119
1122
1123
1124
33892
33895
1128
1129
1130
1131
1132
1133
1134
33903
1136
33904
1138
1139
33908
1141
1142
1143
1145
33913
1146
1148
1149
33917
1150
1152
1153
1154
1155
1157
1158
1159
1160
1161
1163
1164
1166
1167
1169
1173
33941
1175
33943
1177
33945
1180
1182
1183
1185
1186
1187
33955
1188
1190
1191
1192
1194
33962
1195
1197
1198
33967
1200
1201
33969
1202
33970
1203
1206
1209
1210
1211
1213
1214
33982
1215
1216
1217
1218
1220
1221
1222
1223
1224
1225
1226
1227
1228
1230
33998
1233
34001
1235
34005
1239
34007
1240
1242
1243
34012
1247
1249
1250
1251
1252
1253
1255
1257
1258
1259
34027
1260
1262
1264
1265
1266
1268
34036
1269
1270
1271
1273
1276
1277
34045
1278
1279
1281
1283
34051
1285
1286
34055
1288
1291
1292
1293
1295
1296
1297
1298
34066
1299
1302
1305
34075
1308
1309
1310
34078
1311
1313
34081
1314
1315
1316
34086
1320
34089
1322
1323
1324
1325
1326
34094
1328
1329
34099
1332
1333
1337
1338
34107
1340
1342
34110
1343
1344
1347
1348
1350
34118
34119
34120
1354
1355
1356
1357
1359
1360
1361
1364
1365
34133
1367
1369
1370
1371
1374
1375
1376
1379
1380
1381
1382
1383
34152
1385
1386
34155
1389
1392
1393
34161
1395
1396
1397
1398
1399
1400
1401
34169
1402
34171
34172
1405
1406
1407
1408
1409
1411
1412
1413
34182
1415
34183
1416
1417
1419
1420
1421
1422
34192
1425
34193
1426
1427
1428
1432
1433
1434
1438
1439
1440
34208
1441
1442
1444
1445
1447
34216
1451
1452
1453
34221
1454
1455
1456
34225
1458
1459
1460
1462
34230
1463
1465
1466
34234
1467
34236
1469
1470
1472
1473
1474
34242
1475
1476
1478
34248
1481
34249
1482
34250
1483
34251
1484
1485
1486
1492
1493
1495
34264
1497
1499
1500
1501
34269
1502
1503
1504
1505
1507
34275
1508
1509
34277
1512
1514
1515
1516
1520
34289
1523
34291
34292
1526
1527
34295
1529
1533
34301
1534
34302
1536
34304
1537
34305
1538
1539
34307
1540
1541
1543
34312
1545
1546
34315
1549
34317
1550
1551
1552
1553
34321
1555
1556
1557
34326
1559
1562
1564
1565
1567
34335
1568
1570
1571
1572
34342
1575
1579
1580
1581
34349
34350
1584
1585
1586
1587
1589
1590
1591
34359
1592
1593
34361
1594
34363
34364
1597
1598
1599
1600
34368
1604
1605
34373
1606
1607
1608
1609
1610
34378
1612
1613
1614
34382
34383
1616
1617
1618
34386
1619
34387
34388
1622
1623
1624
1625
1627
34395
1628
34398
1631
1632
34400
1633
34402
1635
1638
1639
34408
1642
34410
1643
34412
1646
1647
34416
1650
34418
1651
1652
1653
1654
1655
34423
1657
1659
34427
1660
1661
1662
1663
34433
34434
1667
34435
1670
34438
1671
1672
34440
1674
1677
1678
1680
1681
34449
1683
1685
1686
1687
1689
1690
1691
1693
1695
1696
1697
34465
1700
1702
1703
34471
1705
1707
34475
1710
1712
1713
1714
1715
34484
1717
34486
1719
1720
34489
1722
1723
34491
1724
34492
1725
1726
1727
34495
1728
1729
1730
1731
34501
1734
1736
34504
1737
1738
34506
1739
1741
1742
1744
1745
34514
1747
34515
1749
1751
1752
1753
1754
1757
1758
34526
1759
1760
1761
34529
1762
1763
1765
34533
1766
34534
1767
1769
1772
1774
1775
1776
34544
1777
1778
1780
34548
1781
1782
1785
1786
1787
1788
34556
1789
34557
1790
1791
1792
1798
1799
1800
1801
34572
1805
1806
1807
34576
1809
1810
1811
1812
34580
1813
1815
1816
1819
1820
1822
1824
1827
1828
1829
1830
1831
1832
34600
1833
1834
1835
34603
1836
1838
1839
1840
34608
1841
1842
1843
34611
1844
1845
1847
1848
1850
1851
1852
34621
1855
1856
1857
1858
1859
34627
1862
1863
1864
34632
1868
1869
34637
1870
34638
1871
1873
34641
1874
1875
1877
1878
1879
1880
1881
34649
1882
34650
1883
1884
34652
1885
1886
1888
1889
34657
1890
1891
34659
1893
34663
1896
1899
34667
34669
1903
1904
1905
1906
1909
34677
34678
34679
1912
1913
1915
34683
1916
1917
34685
1919
1922
34690
1923
1924
34692
1925
1927
1928
34696
1929
34697
1931
1932
1933
34701
1934
34702
1935
34704
1937
34705
1938
1939
1941
1942
1943
1945
1946
1948
1949
1950
34718
1951
1953
34721
34722
1955
34724
1957
34726
1959
1960
1962
1963
1964
34732
1966
1969
1971
1972
1973
1974
34742
34743
1976
34744
1977
1978
1979
1983
1984
1985
34755
1990
1992
1993
1994
1995
34763
1996
34764
1997
34766
2001
2002
2003
2004
34772
2005
34773
2006
34775
2009
2011
2012
2013
2015
2017
2018
2019
2021
34789
2023
2024
2025
2026
2027
2028
34796
2029
2030
2031
2032
2033
34801
2037
2038
2039
2040
2041
2042
2043
2044
2046
2047
34815
2048
2049
34817
2051
34820
34821
2054
2055
2056
34824
2057
2058
2059
34827
2061
34829
2065
2066
34835
2068
34837
2071
2072
2073
2074
34842
2075
2077
2078
34846
2079
2080
34848
2081
2083
34851
2084
34852
2085
2088
2089
34858
2091
34859
2092
2093
2094
2095
2096
2097
34865
2098
2100
34868
2103
2105
2106
34875
2109
34877
2110
34878
2113
34881
34882
2115
34883
2116
34885
2118
2120
34888
2121
34890
2124
34892
2126
34895
2128
2130
2132
2134
2135
2136
2139
34909
2143
2144
2145
2147
34915
2148
2150
34919
2155
2156
2157
2158
34926
2159
2160
2161
2163
2164
2166
2167
34935
34936
2169
2170
2172
2173
34941
2174
2175
34943
2176
2177
34945
2179
2180
34948
2182
2183
2184
2186
2189
34957
2190
2191
2192
2193
2194
2195
2196
2197
2198
34966
2199
34968
2203
2204
2205
2206
2207
34975
2209
2210
34978
34979
2212
34980
2213
2215
2216
2217
34987
2220
2221
2222
2225
2228
2229
2230
2231
35000
2233
35001
2234
2235
2237
2238
2239
2241
2242
2245
2246
2247
35015
2249
2251
2252
35020
2253
2255
2256
35026
2259
2265
2266
2267
2268
35037
2270
2271
2272
35040
2273
2274
2275
2276
35044
2278
2279
35049
2284
35052
2285
2287
2288
2289
2290
2291
2292
2293
2294
35062
2295
2296
2297
2299
2301
2302
35075
2308
2309
35077
2310
35078
2311
2312
35083
2316
35084
2317
2319
35087
2320
2321
2325
2326
2327
35095
2328
2330
2332
2334
2335
35103
2339
2340
2341
35109
2342
35111
2344
2346
2347
2348
2350
2352
2354
2355
2356
2357
35125
2359
2360
2362
2363
35131
2364
35132
2365
2367
2368
2369
2372
2373
2374
2378
2380
2382
2383
35151
2384
2386
35158
2392
2393
2395
2396
35166
2399
35168
2401
2402
2403
2404
2407
2408
35176
2410
2412
35181
2414
2415
35183
2417
2418
35188
2421
2422
35190
2424
2425
35195
2428
2429
35197
2430
2432
2433
35201
2434
35202
2435
35205
2438
35207
2440
35209
2442
2443
35211
2444
2446
2447
2448
2449
2452
35220
2453
2456
2458
2459
2460
35228
2461
2463
35231
2465
2466
35234
2469
35237
2471
2473
2475
2476
35244
2477
35245
2478
35246
2479
2480
35249
2482
2483
35251
2487
35255
2488
2489
2490
2491
2494
2495
2497
2499
2500
2502
2503
2504
2507
2508
2511
2512
2513
2514
2517
2518
2521
2522
35290
2526
2527
2528
2529
35297
2531
2532
35300
2533
35302
2535
2538
2539
35307
2540
2542
2543
2544
35312
2545
35313
2546
2547
35315
2548
2550
2551
2553
35322
2555
2556
2557
2558
2559
35327
2560
2561
2562
2563
2564
2567
35335
2568
2570
2571
2572
2573
35341
2574
2575
35343
2576
35347
2583
2584
2585
2586
2587
2588
2589
2592
2593
2594
2598
35366
2599
35367
2600
2601
2604
2605
35373
2606
2607
35375
2609
2610
2611
2612
35381
2614
2615
2617
35385
2618
2619
2620
35388
2622
2623
2624
35392
2625
2626
35394
2629
35397
2630
2631
2634
35402
2635
2636
35404
2637
2639
2641
2643
35412
2645
2647
2649
35418
2651
2652
35420
2654
2655
2656
35425
2658
2659
35427
2660
2661
2662
35430
2663
2666
35435
2669
2670
2671
35439
2673
35441
2674
35444
2677
2678
2680
35449
35450
2683
2684
2685
2686
2689
35459
2692
2696
35464
2698
35466
35467
35468
2702
2703
2705
2706
35475
2708
2709
2710
35478
2711
2714
2715
2716
2719
35487
2720
35488
2721
2723
35491
2724
2725
35493
2726
2727
2730
35500
2733
35501
2734
2736
2737
35505
2738
2739
2740
2741
2742
2743
2746
2750
35521
2754
2756
2757
35525
2758
35526
2759
2761
2762
2764
2765
2766
35534
2767
2770
2772
35544
35545
2778
2780
2783
2784
35552
2787
35557
2791
2792
2793
2794
2796
2797
2798
2799
2801
2802
2803
2804
35572
2805
2806
35574
2807
35575
2808
2811
35579
35580
2813
2814
2815
35583
2817
2818
2820
2821
35589
2822
2823
2824
2825
2826
2827
2828
35597
2831
2832
2833
2834
2835
2836
35604
2838
35606
2840
2841
2842
35611
2845
2846
2848
2849
2850
2851
2852
35620
2853
2855
35623
2856
35624
2857
35625
2858
2860
2861
2862
2863
35631
2864
2865
2866
35634
2868
2869
2871
35639
2872
2874
2876
35644
2877
35645
2878
35647
2880
2883
35651
2884
2886
2887
2888
2889
2890
2891
2892
35661
2895
2896
2898
2899
2900
2901
2902
2903
35671
2904
2905
2906
2907
35675
2908
2909
35678
2911
2912
35681
2916
2917
2918
2919
2923
2928
35696
2929
2930
2932
35700
2933
2934
2935
35703
2937
2938
35706
35708
35710
35711
2944
2945
35713
2951
2952
2953
2954
35723
2956
2957
35725
2958
35726
2961
2962
2963
2964
2965
2966
2967
2968
35736
2969
2970
2971
2973
2974
35742
2976
2977
2978
2979
2980
2981
35749
2982
2983
35752
2986
2987
2988
2989
35759
2992
2993
2995
2997
2998
35766
2999
3001
3002
3003
35771
35772
3005
3006
3008
35776
3009
3010
3011
3013
3014
35782
3015
3017
3018
3019
3020
3021
35791
3024
3025
3026
3029
3030
3032
35800
3034
3035
3036
3040
3042
3043
35811
3045
35814
3047
3048
3049
35817
3050
35818
3052
3053
3054
3061
3063
3064
3066
3067
35835
3071
35839
3074
3078
35847
3080
3081
35849
3082
3083
3084
3085
35853
35854
3088
3089
35857
3090
3091
3094
3097
3098
3101
3102
3103
3104
3107
3109
35877
3110
35881
3114
3115
3116
3117
3118
35886
3119
35887
3120
3121
35889
3122
3123
3124
35893
3126
3127
35895
3128
3129
3130
35898
35899
3132
3133
35901
3134
3135
35904
3137
3138
35906
3139
3140
3143
35912
35913
3146
3148
3149
3151
3152
35920
35921
3154
3158
3159
3161
35930
3163
3165
35933
3166
35935
3170
35938
3172
3175
35943
3176
35944
35945
3178
3179
3180
3181
3182
3183
3184
3186
35954
3187
35955
3188
3189
35958
3191
3193
3194
3195
35963
35964
3197
3198
35967
3200
35968
3203
35972
3207
3208
3209
35977
3211
3212
3213
35981
35983
3216
3217
3218
3219
3220
3221
3222
3223
35992
3225
35993
3227
3228
35996
3229
3230
35999
3232
3234
3235
3236
3237
3239
36008
3242
3243
36011
3244
36012
3245
3246
3247
3248
36017
3250
3251
36019
3252
36020
3253
3255
3258
36027
3260
3261
3263
3264
3265
3266
36035
3269
3270
36038
3271
3272
3273
3275
36043
3276
3277
3278
3281
36050
3283
36051
3284
3286
36056
36057
3291
36059
3293
36062
3295
36063
3296
3301
3302
3303
3304
3305
3306
3307
3308
3310
3311
36079
3312
3313
36081
3314
3316
36084
3317
36085
3318
36086
3319
36087
3320
3322
3323
3324
36092
3325
3326
3327
3329
3330
3333
3334
3335
36103
36107
3340
3343
36111
3344
3345
3350
3351
3352
3353
3358
3359
3361
3368
36136
3369
3372
36140
3373
3374
3376
3377
36146
3379
3380
3382
3387
36155
3388
36157
36158
3391
36159
36160
3394
3395
36163
36164
3398
3399
3400
3401
3403
3404
3405
36173
3406
3407
3408
3410
36178
3411
36179
3413
36181
3415
3416
36186
3419
3420
3421
3422
3423
3425
3426
36194
3427
36196
3429
3431
36199
3432
3434
3436
3437
3439
3440
3442
36210
3443
3444
3445
36213
3446
3447
3448
3449
36217
3451
36219
3457
3463
36231
3464
3466
3467
3468
3471
3472
36240
3473
36241
3474
36242
3475
3476
3477
3478
36248
3481
3482
36251
3486
3487
3489
36257
3490
3493
3494
3495
36263
3496
36265
3498
3499
3500
3501
3502
36270
3503
3504
36272
3505
3508
3509
3510
3512
3513
3514
3515
3516
3518
36290
3523
36291
3524
3525
3526
3527
3528
36296
3530
3531
36299
3532
36301
3534
3535
36303
3536
3537
3540
3542
3545
3547
3549
3550
3551
36319
3552
3553
36321
3554
3556
3557
3559
3560
36329
36330
3563
36331
3564
3565
3566
36334
3567
36336
3569
3571
3572
3574
3575
36343
3577
3578
3579
36347
3580
3581
3582
36351
36352
3585
3586
3588
3590
36358
3592
36361
3595
36363
3596
3597
3598
3599
3601
36370
3603
3604
36372
36375
3609
36377
3610
36381
3616
3618
3619
3620
3621
3622
36390
3624
36392
3625
3627
3628
3629
3630
3632
3633
36403
3636
3637
3638
3640
3641
3642
36410
3644
3646
36414
3647
3649
3650
3655
3656
3657
3658
3659
36427
3660
36428
3662
36430
3663
3665
36433
3666
3668
3669
3671
3673
3675
3677
3678
36446
3679
36447
3680
3682
3683
3686
3687
36456
3690
3691
3693
3694
3695
3696
3697
3698
3699
3701
3702
3703
3704
3705
36473
3706
3707
3708
36479
36481
3714
3715
3717
3719
3720
3721
3722
3723
36491
3725
3727
3728
3729
3730
3731
36500
3735
3736
3737
3739
36511
36512
3745
3746
3748
36516
3749
36517
3750
3753
3754
3755
36523
3756
3758
3760
3761
3762
3763
3764
36532
3765
3767
3768
3769
36537
3770
3771
3773
36541
3778
3779
36547
3781
3784
3785
3786
3787
3788
3789
3790
3791
3792
3794
3795
36563
3797
36565
3798
3799
3800
3802
36570
3806
36574
3807
3808
3810
36578
36579
3813
3814
36584
3818
3819
3820
36589
3822
3823
36591
36593
3830
36598
3831
3832
36600
3833
36601
3835
3838
36606
3840
3841
3842
36610
3843
3844
3846
3847
3848
36616
36617
3850
36619
3853
3854
3856
3857
3860
3861
3863
3864
36632
3865
3866
3868
3869
36637
3870
36639
3872
36640
3873
36641
3875
36643
3876
36644
3877
3880
3881
3882
3885
3886
3887
3889
3890
36658
3891
36659
3892
3894
3896
3897
3898
36666
3900
36668
3901
3902
3904
3907
36676
3909
3910
3911
3913
36681
3914
36682
3915
36684
3918
3919
3920
3921
3923
3924
3925
36693
3926
3928
36696
3929
3930
3931
3933
36702
3935
36705
36706
3940
3944
36712
3945
36713
3948
36716
3949
3950
36718
3951
36720
3953
3954
3956
3957
3960
3961
36729
3963
3964
3965
3966
3967
3970
3971
3973
3974
36743
3976
36745
3978
3979
36747
3980
3982
3983
3984
3985
3986
36754
36755
3988
36756
36759
3993
3994
3995
3996
3998
36766
3999
4000
4001
4002
4003
36771
4004
36772
4005
36773
4008
36779
4013
4014
4018
4019
4020
36788
4021
4023
36793
36794
4027
4029
4030
4031
4032
36800
36804
36805
4038
4041
4042
4043
36812
4047
4049
4050
4051
4052
36820
4053
4054
36822
4055
4056
36824
4059
4060
36828
4061
36829
4062
36831
4064
4065
36835
4072
4073
4074
36842
4075
4076
4077
4078
36846
4079
4080
4081
4083
36851
4084
4085
4087
4088
4092
4093
4094
4095
36863
4097
36866
4099
36868
4101
4103
36872
4105
4106
4107
4108
36876
4109
4110
4111
4112
4114
36882
36884
4117
4119
4120
4122
4123
4124
4128
4129
4130
36898
36899
4132
36900
4133
4136
4138
4139
4140
4141
4142
36910
4143
4145
4146
4147
4149
4154
36922
4155
4156
4158
4159
36927
4161
4162
4163
4164
36934
36935
4168
36936
4170
4171
4172
4173
4175
4176
4177
36945
4178
4179
4180
4181
36949
4184
4185
4186
4187
4190
36958
4191
4194
4195
4196
4197
4199
36967
4200
4201
4203
4204
36972
4205
36973
4206
36974
4207
36975
4211
4213
36982
4215
4216
4217
4218
4219
4220
36988
4221
4222
36990
4223
4224
4225
4226
4227
36995
4228
4229
36997
4231
36999
4232
4233
4236
37004
4241
4242
4243
4244
37012
4245
4246
4247
4248
4249
4250
37018
4251
4252
4253
37023
4257
37027
37028
4261
4262
4263
4264
4266
4267
4268
4269
37037
37038
4272
4273
4275
37043
4276
37044
4277
4279
4280
4282
37050
4283
4284
4286
4287
4288
37057
4291
4292
37060
4293
4295
4301
37070
4303
4306
4307
4308
4310
37080
4313
4314
37082
4315
4316
4317
4318
4319
4320
37088
4321
37089
4323
37091
4324
4325
37093
37094
4328
37097
4331
4334
4335
4336
4337
37106
4339
4340
4343
37111
37112
4345
37113
4346
4348
4351
4352
4357
4358
4359
4361
37129
4362
4363
4364
37132
4365
4367
4368
37136
37137
37138
37139
4372
4373
37141
4374
4375
4377
4378
4379
4380
4381
4385
37154
4388
4389
37158
4391
4392
4393
4394
4396
4397
4399
4401
37169
4402
4405
37173
4406
4407
4408
4409
37178
4411
37179
37180
4413
4415
37183
4418
4419
37188
4421
4422
37190
4424
4425
4428
4429
4430
37198
4431
4434
4436
4438
4439
4440
4441
4442
4443
4444
4446
37214
4447
37215
4448
4449
4450
4452
4453
4454
4455
4457
4458
4459
4461
4463
4464
4465
4466
4467
4468
4469
4471
4472
4473
4474
4475
4476
4477
4478
37247
4480
37248
4481
4482
37251
37253
4486
4487
4488
4489
4490
4492
4493
4494
4495
4499
4500
4502
37270
4503
37272
4505
37273
4507
4508
4509
4510
4511
4512
4513
4514
37282
4515
37284
4518
4519
4520
4521
4522
4523
4524
37292
4526
4527
4528
37296
4532
4533
37301
4537
4538
4539
4541
4542
4544
4547
4548
4549
37318
4551
4552
37320
4553
4554
4555
37324
4557
4558
4561
37329
4562
4563
4564
4565
4568
37341
4574
4575
4578
37346
4579
4580
4581
37349
4582
4583
4586
37354
4587
37355
4590
37358
4591
37359
4593
4594
4595
4596
37364
4597
4598
4600
4601
4603
37373
4607
4608
37376
4609
4612
37380
4613
37381
4614
37382
4615
37383
4616
4617
4618
37387
4621
4622
4624
37392
4625
4627
4629
4630
4631
4633
4634
37402
4635
4636
4641
37409
4643
4644
4647
4648
4649
4650
4652
4654
4655
4656
37424
4657
4658
4659
4661
4662
37430
37431
37432
37433
4666
4668
4670
4672
4673
4675
4677
4678
4679
4681
37450
37451
4685
37455
4688
37456
4691
4692
37461
4696
4698
4699
4700
4702
4703
4704
37473
4706
4707
4708
4709
4710
4711
37479
37480
4714
37482
4715
4716
4717
4719
4720
4722
37491
4724
4725
4726
4727
4729
37497
4730
4733
4734
4735
4736
37504
4737
4738
4739
37509
4744
4745
4746
4747
4749
37517
4750
4752
4755
4756
4757
37527
4760
4761
4762
4765
4766
4770
4771
4772
4773
4774
4775
4776
4777
37545
4778
4779
4780
4782
4783
4785
4788
37556
4791
37559
4792
4795
37565
4798
37566
4800
37568
37571
4806
4808
4809
37578
4811
4813
4814
4815
4816
4817
4818
4819
4820
4821
37589
4825
4827
4828
37597
4831
4832
4833
4836
4837
4838
4839
37607
4840
4842
4843
4844
4847
4848
4849
37617
4851
37619
4853
4854
37622
4857
4858
4860
4862
4863
4864
37633
4866
37634
4867
37635
4868
4870
4871
37640
4873
4874
4875
4877
4879
37647
4881
4882
4884
4886
37656
4890
37658
4891
4893
37662
4896
4897
4899
4900
4901
4902
4903
4904
37672
4905
4906
4907
37675
4908
37676
4910
4912
4913
4914
37682
4915
4917
37688
4921
4923
4924
4926
4930
37700
37701
4934
4938
37706
37707
4940
37708
4942
4943
4944
37712
4948
37716
4950
37718
4951
37719
4953
4954
37722
4957
4958
4960
37728
4961
4962
4963
4965
4967
37735
4968
4969
37737
4970
4971
37740
4973
4974
4975
4976
4979
37747
4981
4982
37750
4983
4984
37752
4985
4986
4987
4989
37757
4990
37759
4992
37760
4995
4996
4997
37765
5001
5002
5003
5004
5006
37774
5008
37776
5009
5010
5011
37779
5015
37783
5016
5017
37785
5018
37787
5020
5021
37789
5024
5025
37793
5026
37795
5028
5030
5031
5036
37804
5037
5038
37806
5039
37808
5041
5042
5043
5044
5045
5047
5048
5049
5050
37819
5053
5055
37823
5057
5058
37826
5060
37831
5064
5067
5070
5072
5073
5075
5077
37845
5078
5079
37849
5082
5084
5085
37853
5086
5087
37855
5088
5089
37860
37861
5095
5096
5097
5098
5099
37867
37869
5103
5104
37872
5105
5106
5109
37877
5111
5112
5113
37881
5114
5116
37884
5117
37885
5121
5123
37891
5124
5125
5126
5127
5128
5129
5130
37899
5132
5133
5134
37902
5135
5136
5137
5138
5139
5140
37908
5142
37911
5144
5145
5146
37914
5147
37917
5150
5151
5152
5153
5155
37923
5157
5158
5161
37929
5164
5165
5166
5169
37937
5171
37939
5173
37941
5174
37948
5181
5182
5183
5184
37952
5187
5189
5190
37958
37959
5193
37961
37962
5196
5198
37966
5202
5205
5206
5207
5208
5209
5211
37979
5213
37982
5215
5216
5217
5219
5220
5221
5223
37991
37993
5226
37994
37995
5228
5229
5230
5231
5232
5233
5234
38002
5235
38003
38007
38008
5241
38009
38010
5243
5245
5246
38014
5250
5252
5253
38021
38022
5256
5258
5259
5260
5261
38029
5262
5263
5264
5265
5266
38034
5267
5268
5269
38038
5271
5272
38042
5275
38043
5278
5279
5280
5282
5283
5285
38053
5286
5288
5289
5291
5292
5294
38062
5295
38063
5296
5297
38065
5298
5302
5303
5305
5307
5308
38076
5309
5310
5311
5312
5314
5315
5317
5320
5321
38089
5323
5324
5325
38094
5327
5328
38096
38097
38101
5334
5335
38104
5339
5340
5341
5342
38110
5343
5344
38113
5346
5349
5350
5351
5354
5355
5356
5357
5358
5362
38130
38131
5364
38132
5365
5366
5369
5370
5371
5373
38142
38143
5376
38144
5377
38147
5380
38148
5383
5385
38154
5388
5389
5390
5391
5392
5394
5395
5396
5397
38165
5398
5400
5402
38170
5403
5404
38173
5407
38176
38177
5410
38178
5411
5412
38181
5415
38184
5417
38185
5420
5421
5422
38190
5423
38191
5424
5425
5426
5427
5428
5429
5430
5431
38200
5433
5434
38202
5435
38203
38204
5438
5439
5440
5441
5442
5443
5444
5445
5446
5447
38215
38216
5449
5450
5451
38222
5456
38224
5459
5460
5461
5462
5463
5464
5466
5467
5468
5469
5471
38239
5473
5475
5476
5477
5478
5483
5484
5485
5486
5487
38256
5490
38258
5491
38259
5493
5494
5495
5496
5497
38265
5498
5499
38268
5501
5502
5505
5507
5508
5509
5511
5512
5513
5515
5516
38284
5517
38285
5518
5519
5521
5522
38290
38292
38294
5527
5528
5529
5530
5531
5533
5535
5537
5538
38307
5540
38308
5541
38309
5542
5543
5544
5545
5546
5547
5548
5549
5550
38319
5552
5556
5557
5559
5560
38329
5562
5563
38332
5567
5568
38336
5569
38337
5572
5574
38343
5576
5578
5581
5582
5583
5584
5586
5592
5593
5594
5595
38364
5599
5600
5601
38370
5603
38371
5604
5605
38373
5609
5611
5612
38380
5613
38381
5614
38382
5615
38385
5619
5620
5621
5622
38391
5624
5625
5626
5627
38395
5628
5629
38397
5631
5632
5633
5634
5635
5636
38404
5637
38407
5640
5641
5642
5644
5647
5649
5650
38418
5651
5652
38420
38422
38423
5657
38425
5658
5660
38429
5663
5664
5665
38433
5666
38435
5668
5669
5670
38440
38442
38443
5676
5677
5680
38449
5682
5684
38454
5689
38458
5693
5694
5695
5697
5698
5699
5702
38471
5705
5706
5707
5708
5709
5710
5714
5715
5717
38485
38487
5720
5724
5727
5728
5730
38499
38500
38501
5734
5735
5736
5737
5742
5743
38511
38512
5745
5747
5748
5749
5750
5751
38520
5754
5755
5756
5757
5760
5761
5762
38530
5763
5764
5766
5769
38537
5770
5771
38539
5772
5774
5775
5776
38547
5780
5782
5783
5784
5785
38555
5788
5790
5792
38560
5793
5794
5795
5798
38566
5799
5800
5801
5802
5803
5804
38572
5805
38575
5808
5809
5810
5811
5812
5813
38582
5816
5817
5818
38586
5819
5820
38589
38590
5825
5826
5827
5828
5829
5831
5832
38600
5835
5837
38605
5838
5840
5841
5842
5843
5845
38614
5847
38615
5851
38621
5854
5855
5856
5858
5859
5860
38628
5861
38629
5863
5865
5867
38635
5869
5870
38640
5873
5874
5875
38644
5880
5881
5882
5884
5885
5889
5890
5891
38659
5892
5896
5897
5899
38667
5900
5901
5903
5904
5906
5907
38675
5908
5910
38678
5912
38681
38682
5915
5917
5921
38690
5923
38691
5924
38692
5925
5926
38694
5927
5928
5929
5930
38698
5932
5934
5935
5936
5937
5938
38706
5939
38707
5940
5942
5943
5945
5946
5947
5948
38716
5949
38717
5950
5951
5952
5955
5956
5957
5958
5959
5960
38728
5961
5964
5965
38733
5966
5967
5968
5969
38737
5970
38738
5971
38739
5972
5973
5974
38742
5975
38745
5978
5980
5981
5984
5985
5986
5988
5989
5990
5991
5993
5994
38763
5996
5997
5999
6000
6001
6002
6003
38773
38774
6007
6008
6010
38778
38779
6012
6013
6015
38783
6017
38786
6019
6020
38789
6022
38790
6023
6024
6025
6026
38794
6027
6028
6030
6033
6034
6035
38803
6036
38804
38805
6038
6040
38809
6042
6043
6044
38812
6045
6046
6047
38815
6048
38816
6050
6051
6052
6053
6056
6057
6058
6059
6061
38829
6062
38830
38831
6065
6066
6068
6069
6070
6073
6074
6076
38844
6077
6078
6081
6082
6084
6085
38853
6086
6087
6089
38857
6090
38858
6092
38862
6095
6097
6098
38866
6099
6100
6102
6103
6104
6107
6109
6110
38878
6111
38881
6114
6117
38885
6119
6122
6124
6125
38893
6127
38895
38896
6131
6135
6136
6137
6139
6141
38909
6142
38910
6143
6144
6145
6146
38914
6148
6149
6152
6153
6154
6155
6156
6157
38926
6161
38929
6162
6163
6164
6165
6166
6167
38935
6168
6169
38937
6170
6171
6172
6175
6176
6177
6179
38948
6182
6183
6185
6186
6187
6188
6190
38958
6191
38960
6193
6194
6195
6198
38967
6200
38971
6204
6205
6206
6207
6208
6209
6210
6211
6212
6214
38982
38983
38984
6217
6218
6219
6220
38988
6221
38990
38992
6225
6226
38994
6227
6229
38997
6230
6231
39000
6233
6234
39002
6235
6237
39005
6238
6240
6242
6243
6244
6245
6246
39014
6247
6248
6249
39017
39019
39021
6254
6255
6256
6258
6259
6260
39028
6262
39031
6264
6265
6266
6268
6269
6270
6271
6273
39041
6274
39042
6275
6276
6277
6278
6280
39048
6281
39052
6285
6287
39055
6288
6289
6290
6291
6292
6293
6294
6295
39064
6299
6300
6301
6302
6304
39072
39074
6307
6308
6310
6311
6313
6314
6315
6316
6317
6318
6319
39087
6320
6321
6322
39090
6323
39091
6324
39093
6328
6330
6331
6332
39100
6335
6336
39105
6338
39106
6339
6340
39109
6343
6344
39112
6345
6346
6347
39115
6349
6350
39118
6351
39120
6353
6355
6356
6357
39125
6360
6362
6365
6366
6367
39138
6372
6373
6374
6376
6379
39147
6380
6381
6384
6386
6387
6388
39157
6390
6391
39159
6392
39160
6393
6394
6395
39165
39166
6399
6400
6402
39170
6403
6404
6405
6406
39174
6407
6409
6412
6414
39183
6418
6420
6421
39190
6423
6424
6425
39194
6427
6428
6429
6430
6431
39200
6433
6434
6435
6436
39204
6437
6438
6439
39207
6440
6441
39209
39214
6447
6448
6450
6451
6452
6453
6454
6455
6456
39224
39225
6458
6459
6460
6463
6464
6465
6466
39234
6467
39236
6470
6472
39240
39241
39244
6480
6481
6482
39250
6483
6484
39252
6485
6486
6487
39256
6489
39257
6490
6492
6493
6494
6496
6497
6498
6499
6500
6502
39270
6503
6505
6507
39275
39276
6511
6512
39280
39281
39282
6515
39283
6517
6522
6523
6524
39293
6526
6527
6528
6529
39298
6532
6533
39301
6534
6535
6536
6537
6539
6540
39308
6543
6544
6546
6548
6549
39317
6550
6552
6554
39322
6555
6556
6557
6558
6559
39327
6560
6562
6563
6564
39332
6565
39333
6568
39337
6572
6575
6577
39346
6579
6580
6581
6584
6585
6586
39354
6587
6591
6592
6593
6594
6595
39364
6597
6598
6599
6601
39369
39371
6605
6606
39375
6608
6610
39378
6611
6612
39380
6613
6614
6615
6616
39384
6617
6618
6619
6620
6621
6622
6623
6624
39392
6625
6626
6629
39398
6631
6632
6633
6634
39402
39404
6637
6641
6642
6644
6645
6646
39414
6648
6649
6653
6654
39423
6656
6658
6659
39428
6661
39431
6664
6665
6666
6670
39438
6672
39440
6673
6675
6676
6679
6680
6681
6682
6684
6685
6686
39454
6688
6689
6690
39458
6691
6693
39461
6694
6696
6697
39466
6699
39468
6701
6703
6704
6705
6706
6708
39476
6709
6710
39478
6711
6712
6716
6718
6719
6720
39490
6723
6724
39492
6725
6726
6729
6730
39499
6732
6734
6735
39503
6736
6737
6738
39506
6739
6740
6741
6742
39510
6743
6744
6746
39514
39515
39516
6749
39517
6751
6752
6753
39521
6755
6756
39524
6758
6759
39529
39530
6763
6764
6765
39533
6766
6768
6770
6772
6773
39544
6780
6781
6783
6784
39552
6785
6787
6788
39557
6790
6791
6793
6794
6795
39563
6796
39565
6798
6799
6800
6801
6803
6804
39572
6805
39573
6806
6808
6810
39578
6812
6813
6814
6815
39583
6816
6818
6819
39587
6820
39588
39589
6822
6823
6824
6825
6826
6828
6829
39597
6830
39598
6831
6832
6833
39601
6834
39604
6837
6839
6842
6843
39611
6845
6846
39614
6847
6848
6849
6850
6851
39619
6852
6853
39621
6855
6856
6857
6858
39626
6859
6860
6861
6862
39633
6866
6867
39635
6868
6869
6870
39639
6872
6874
6875
39644
6877
39645
39647
6881
39649
6883
6884
6885
39653
6889
6890
6891
6892
39660
6893
6894
6895
39663
6896
6898
6899
6900
6902
6903
6904
6905
6907
6908
6910
6912
39680
6913
39685
6918
39686
6920
6922
6924
39692
6925
39694
6927
6928
39697
6931
6932
6934
6935
6936
6939
6940
6941
39709
6943
39711
6944
6945
6946
6947
6948
6949
6950
6951
6953
39721
6954
39722
39724
6957
6958
6959
6960
6963
39731
6964
6965
6966
6968
39736
6969
6970
39738
6971
6972
39740
6973
39741
6974
6975
39743
6976
6977
6978
6980
6981
6982
39750
6983
6984
6985
6987
6990
6991
39759
6992
39760
6993
6994
6997
39766
6999
7000
7001
7002
7004
39772
7006
39775
7008
7009
7010
39778
7011
39779
7012
39781
7014
39782
7015
7016
7017
7018
7019
7020
7021
7023
7024
39792
7025
39793
7026
7030
7032
7035
39805
7038
7040
7041
7042
7043
39811
7044
7045
7048
39817
7050
7051
7052
39820
7053
39822
7057
39825
7060
7061
39831
7064
7065
7066
7067
7068
7069
7070
39838
7071
39839
7073
39841
7074
7075
39843
39844
7077
7078
7079
39847
7080
7081
7084
7085
7087
39855
7088
7089
7090
7092
7093
7094
7095
7096
39864
7097
7098
39867
7100
39868
7101
39869
39874
7107
7109
7110
39879
7112
7115
7116
7117
7118
7119
7121
39889
7122
7123
7124
7125
7126
39895
7128
7131
7132
7133
39902
7135
7136
7137
7139
39907
7142
7143
7144
7145
7147
7148
39916
7151
7152
39920
7153
39921
39923
7156
7158
39926
7160
39928
7161
7163
7164
7165
39933
7166
39936
7169
7170
39938
7172
7177
7178
7179
7180
7181
39949
7182
39951
7184
39952
7185
39955
7188
7191
39959
7195
7196
39964
7197
7198
7199
7200
39968
7201
7202
7203
7205
7207
39975
7208
7210
39978
7212
39980
7213
7214
7215
7216
7218
7220
39988
7221
39989
7222
7226
7227
7228
39996
7229
7230
39998
7231
7234
40003
7236
40005
40008
40009
7242
7244
7245
7246
7248
7249
40017
7251
7252
7253
7254
40022
7255
7256
7257
7258
7259
7260
7261
7262
7264
40032
7269
7270
7273
7274
40042
7275
40043
7279
7280
40048
7281
40049
7288
7290
7291
40059
40061
7295
7296
7297
7298
7299
7300
7304
7305
40073
7306
7308
40076
7309
7310
7311
7312
7313
40082
40084
7318
40087
7320
7322
7323
7325
40095
7329
7330
7331
40099
7333
7334
7335
7336
7337
7340
7341
7342
7343
7344
7346
7348
40118
7351
40119
7352
7353
40121
7354
7355
7356
7357
40125
7359
40127
7361
40129
7362
7364
40132
7365
40133
7366
40136
7369
7370
40138
7371
7375
7376
40144
7377
40146
7379
7380
7381
7383
7384
7385
40153
7389
40157
7391
40159
7392
40160
7394
7395
40164
7397
7398
7399
40168
7402
7403
7405
7406
7407
40176
40179
7412
7413
7414
40182
7416
7417
7421
7422
40191
40192
7425
7426
7428
40196
7430
7431
40200
7433
7434
7435
40203
7436
40204
7438
7439
7440
7441
7442
40210
7443
7445
7446
7447
40216
7449
7450
7451
40219
7453
40221
7455
7456
7457
7458
7462
40230
7463
7464
7465
40235
7468
40236
7469
40237
40238
7472
40240
7473
7474
7475
7476
40245
7478
7480
40248
7482
7483
7484
7485
7486
7488
7490
40258
7491
7494
40262
40265
40267
7502
40270
7503
40271
7504
40272
7505
40273
7507
40275
40276
7509
7510
7511
7512
7515
7517
7518
7519
7520
7521
7523
7526
40294
7529
7530
7532
7533
7537
7538
40306
7539
7541
7542
7543
40312
7545
40313
7546
7547
7548
7549
7550
7551
7552
7553
40323
7558
7562
7567
40335
7568
7569
7573
7574
40342
7575
7578
7579
7580
40348
7581
7582
7584
7585
7587
40355
7588
7589
7590
7591
40359
7595
7596
7597
7599
7600
7604
7605
7606
40374
7607
7608
7609
7610
7611
7612
7613
7614
40382
40383
7616
7617
7618
40387
7622
7623
7624
7625
40393
40394
7628
7630
7631
40401
7635
40403
7637
40405
7640
7641
7642
7643
7645
7646
40415
7648
7650
7651
7654
40423
7657
40425
7658
40426
7659
7660
7661
40430
7663
7665
40434
7668
7669
40437
7670
7672
40440
7673
7674
7677
7679
7681
7683
7685
7686
40454
7687
7688
7689
40457
7690
7691
40459
7692
7693
7694
40462
40463
7696
7697
7698
40466
7699
7702
7703
7704
40472
7705
7706
7708
40476
7710
7712
7715
7716
7717
7718
40486
7719
7720
40488
7721
7723
7724
40492
7725
40493
7726
7727
7728
7729
7730
40498
7731
40500
40501
7734
7735
7736
7737
7738
7739
7740
40508
7742
7744
7745
40513
7746
7747
7748
7750
40518
7752
40520
7756
7757
7758
7760
7762
40530
40531
7764
7765
7767
7768
7770
7771
7772
7773
7774
7778
7780
40548
7782
7783
40552
7785
7786
7787
40555
7788
40556
40557
7793
7795
7796
40567
7801
7803
7805
7806
7808
40576
7810
40579
7812
7813
40582
7815
7817
7820
40589
7822
7823
40591
7825
40593
40594
7828
7829
7830
7832
7834
7836
40604
7837
40606
7839
7840
40609
7842
7845
7846
7847
40616
7850
7851
7852
40623
7856
7858
7859
7860
7861
7863
7864
7865
40638
40639
7872
7873
7876
7877
7878
7879
40647
7880
7881
7882
40651
7884
40653
7887
7888
7889
7890
7891
7894
7897
40665
7898
7899
40667
7901
7902
7903
7904
7905
7906
7907
40675
7908
40676
7909
40677
40680
7913
7914
7915
40683
40684
40686
7919
7920
7921
7922
7924
7925
7926
7928
40696
7929
40697
7930
7931
7932
7933
40704
7937
7938
7939
40707
40708
7941
7942
7943
7944
7945
40713
40715
40717
7950
40719
7954
7955
7956
7957
7962
40732
7965
7966
7967
7968
7969
7970
7971
7972
7974
7975
40743
40744
7977
7978
7979
7980
7985
7986
7987
40755
7988
40756
7990
7992
7995
7997
7999
8001
8003
8004
40772
8006
8009
8010
8012
8013
40783
8016
8017
40785
8019
8021
8022
40790
8023
8025
8026
40795
8028
8030
40798
8031
8034
8036
40804
8037
8038
8039
8040
8041
8047
8048
40816
8049
8050
8052
40820
8054
40822
8055
40823
8056
8057
8058
8060
8061
40829
8062
8063
8067
8068
40837
8070
8072
40842
8075
8076
8078
40846
8079
8081
8082
40851
8084
40852
40854
8088
8089
40857
8090
8091
8093
8095
8096
8097
40865
8098
8100
8101
8102
8103
40875
40876
8109
8110
8111
8113
8115
8116
8120
8121
8122
8123
40892
8125
40893
8129
8130
8132
40900
8133
8136
8137
40905
8138
40906
8139
8140
8141
8143
40911
40912
8146
8147
40916
8149
8150
8151
40920
8153
8154
8157
40925
8158
8159
8162
8165
8168
40936
8169
8170
8171
8172
8173
40942
40944
8177
40946
8179
8180
40948
8181
8183
8187
8189
8190
8192
40961
8196
40964
8197
40965
8199
8200
8201
8206
8207
8208
8209
40977
8212
8215
8216
40984
8217
40985
8219
40989
8222
8223
40991
40992
8225
40993
8226
8227
8229
40997
8230
8231
8232
8233
41001
8235
8239
8240
8241
8244
8248
8249
41018
8251
8252
8257
41025
8258
8259
8260
8261
8262
8263
8264
41032
8266
8267
8269
41037
8273
8274
41046
8279
41047
41048
8281
41049
8282
8283
8285
8287
8288
8289
41057
8291
8293
41061
8295
41063
8297
8298
8300
41070
8304
8305
8306
8307
41075
8310
8311
41079
8312
41080
8313
41081
8314
8315
41084
41087
8320
8321
41089
8322
8323
41091
8324
41092
8327
8328
8330
8331
8332
41100
41101
8334
41102
8335
8336
8337
8340
41109
8342
8343
41111
8344
41112
8346
8347
8349
8350
41118
8352
41120
8353
8354
41122
8355
8356
8357
8360
41128
8361
8365
8366
8367
8368
41137
8370
8371
8376
8377
41145
8378
8379
8380
41148
8381
8382
8383
8384
8385
8386
8387
41155
8388
41156
8389
8391
41159
8392
41160
41161
8394
8396
8398
8399
41167
8402
8403
41172
41174
8407
8410
8411
8412
41181
8416
41184
8417
8418
8419
8420
8424
8425
8429
41197
8430
41198
8431
8432
8434
8437
8438
8441
8442
8443
8444
8445
8446
8447
8448
8449
8451
41219
8453
41223
8457
41225
8460
8461
8462
8463
41232
8466
41235
8468
41236
8469
8470
8471
8472
8474
8475
41243
8476
8477
8478
8480
8481
41249
8482
41250
8484
8485
8486
8487
41255
8488
8489
8490
8491
8492
41260
8493
41262
8496
8497
8499
8500
8501
41269
8504
8505
8506
41274
8507
41276
41279
41280
8513
41281
8515
8516
41286
8519
8520
8521
8522
8524
41292
8525
8526
8527
8528
8529
41302
41304
8537
8538
41307
8541
8542
8543
8545
41313
8546
41315
8548
8550
8551
8552
8553
8555
8556
8558
8559
8560
8561
8564
8565
8566
8568
41336
41337
8571
8572
8573
8575
8576
41344
8577
41345
8580
8581
41349
8586
8587
8588
8591
8592
8593
41361
8595
8596
8597
41365
41366
8600
8601
41369
8603
41371
8604
8605
41373
8606
41374
8607
8608
41376
8609
8612
8614
8615
41383
8616
8617
8618
8621
41390
8623
41391
41392
8625
8626
8631
8632
8633
8634
8637
8638
8640
8642
8643
8646
8648
8649
8651
41422
8655
41423
8656
8658
8659
41427
8660
8662
41430
8663
8667
8668
41436
8669
8670
8671
41444
8677
41445
8678
41446
8679
8680
41449
41451
8686
8688
8690
8691
8693
8695
8696
8697
8698
8699
8700
8702
8703
41471
8704
8705
8706
8707
8708
8709
8710
41478
8711
41479
8713
8714
8715
41483
8719
8720
8721
41489
8722
41490
8723
41491
8724
41494
8727
8728
41497
8730
41498
41499
8732
8733
8734
8736
8737
8738
41506
8739
41507
8740
8741
8742
8744
8745
41514
8750
8751
41519
8752
8754
8755
41523
8756
41524
8758
8759
41529
8762
41532
8766
41534
41535
8769
8771
8773
8774
8775
8776
8777
8778
8782
8783
8784
41552
8785
8786
8787
41555
8790
8791
41560
8793
41562
8795
8797
8799
8800
8801
8802
8805
8807
8808
41576
8810
8813
8814
8815
8816
8817
8819
41587
8820
41590
41591
8824
8831
41599
8832
41600
8833
8835
8836
41605
41606
8839
8840
8841
8843
8845
41613
8847
8848
8850
8852
41620
8854
8855
8856
8857
41625
8858
8859
8860
8864
8866
41634
8869
8870
8871
8873
41641
8878
8880
8882
41650
8883
41651
8885
8886
8887
8888
8889
8890
8891
8892
8893
41661
8895
8897
8901
8902
8903
41671
8904
8906
8907
8908
41677
8911
41679
8913
41681
8914
41682
8915
8918
8919
8923
8925
8928
8929
8930
8932
8933
8934
41702
8935
8936
41705
8938
8939
41710
8944
8945
8946
8948
41717
8951
8953
41722
8955
8956
8957
41726
8959
8960
8962
8963
8964
8965
8966
41735
8968
8969
41738
41739
8974
8976
8978
41746
8979
41747
8980
8982
8985
41754
8987
41755
8988
8989
41759
8992
8993
8994
8995
8997
8999
9000
9002
9004
9006
9007
9008
41776
9009
41777
9010
9011
9012
41780
9013
9014
9017
41788
9022
41790
9025
9027
41795
9028
9029
9030
41798
41799
9032
9034
41802
9035
9036
9037
41805
41806
9040
9042
9045
9046
9047
9048
9049
9051
9052
9054
9055
41823
9056
9057
9058
9059
41829
9062
41831
9066
41834
9067
9068
41836
9069
9070
41838
9074
9075
9076
41844
9078
9079
9080
9081
9083
41854
9089
9090
9091
41859
9092
9094
9095
41863
9096
9097
41866
9100
9101
9102
9104
9105
9106
41875
9108
9109
41877
9111
41879
41881
9114
9117
9118
41888
9122
41890
9123
9124
9125
9128
9129
9130
41898
9131
9132
9133
9134
9136
9137
9138
41906
9140
41908
9141
9142
9143
9145
9146
41914
9148
41917
9153
9154
41922
9155
9156
9157
41925
9158
41926
9159
9161
41932
9165
9166
9168
9171
9172
41940
9173
9174
9175
41944
9177
9179
9182
41950
41953
9186
9189
41958
9191
9192
41961
9194
41963
9196
9197
9200
9201
9202
9204
9205
9207
41977
9210
9211
9212
9213
9214
41982
9215
9216
41984
9217
41985
9218
9219
9220
41988
9222
9224
41992
9225
9226
41997
41998
9231
41999
9232
42000
9233
9234
9237
9238
9239
9241
9242
9244
9246
9248
9249
9250
9251
9252
42020
9253
9254
42022
9257
42026
9259
9261
42030
9264
9265
42033
9266
9267
9268
9269
9272
9273
42043
9276
42046
9279
42047
9280
42048
9281
9282
9284
42053
42054
9288
9289
9291
9292
9294
42063
9296
42064
9297
42065
9298
9299
42067
9300
9301
9302
9303
9304
42073
9306
9307
9308
42076
9311
9312
42080
9313
9315
9319
9321
9323
9324
9325
9326
9328
9330
9331
9332
42100
9333
9334
42103
9337
9338
9339
9340
9341
42109
9342
9344
42112
42113
42114
9348
42116
9349
42117
9350
42118
9351
42119
9352
9353
42121
9355
42123
9356
9357
42125
42126
9361
9362
42130
9363
9364
9365
9366
9367
42136
42137
9370
9371
42139
9372
9373
9375
9376
42145
9380
9381
9382
42151
9384
9385
9386
9387
9388
9389
9390
9391
9392
42160
9394
9395
9397
9398
42166
9399
9400
9402
9403
9405
9406
9408
9410
42178
9412
42180
9413
9414
9415
9416
9418
9420
9421
9422
9423
42191
9424
9425
42193
42194
9427
42196
9431
9433
9435
9436
9437
9440
42208
9441
42209
42210
42211
9444
9446
9448
42216
9450
9453
42221
9455
9457
9458
42226
9468
42236
42237
9471
42239
9472
9474
42242
9475
42243
9476
9477
9479
42247
9480
9481
9482
9483
42251
42252
9486
9487
9488
42257
9491
9492
42262
42263
9496
9497
42267
9500
9502
42270
9503
9505
42274
9507
9508
42276
9509
42277
9510
42278
9511
9512
9513
9514
9515
9516
42287
9520
9522
9523
9525
42293
9526
9527
9528
42296
9529
9530
9532
42300
9533
42301
9534
9535
9536
9538
42306
9539
9540
9541
9542
9543
42311
9544
9546
9547
42315
9549
9550
9551
9553
42322
9555
9556
9558
9559
9560
9562
42335
9568
9569
9572
42340
9573
42341
9574
42342
9575
42345
9578
42346
9579
9580
42348
42349
9582
9583
9584
42352
42353
9586
9587
42355
9588
9589
9590
42358
9591
9592
9593
9595
42363
9597
9599
9600
9602
9603
42371
9606
9610
9611
9612
9614
9616
9617
9618
42386
9619
9620
9621
9622
9624
9625
9626
9628
9629
9630
9631
9632
42401
9634
9635
9637
9639
9641
9643
42411
42412
9645
42418
9651
9654
42422
9655
42423
42424
9657
42425
9658
9659
9660
9661
9662
42432
9665
9667
42435
9669
9671
9672
9673
9674
9675
9677
42446
42447
9680
9684
9685
9686
9687
9688
42456
9689
9691
9692
9693
42462
9695
9696
9698
9699
42467
9704
42473
9707
9708
9709
9710
9711
42482
9715
9716
9717
9718
9719
9720
9721
42489
9722
9723
42492
9726
9728
9731
9732
42500
9734
9736
42505
9739
9740
9741
9742
9743
42511
42512
42513
9746
42515
42516
9749
9750
9751
9752
9753
9756
42524
9759
9761
42529
9762
9763
9765
9766
9767
9770
9771
9772
9774
9775
9777
9778
9779
9780
9781
9782
9783
9784
42552
42553
42554
9788
9791
9794
9796
42565
9798
42566
9800
9801
9803
9806
42574
42575
42577
9810
9812
9813
42581
9814
42582
9815
9816
9817
42586
9819
9820
9821
9822
9823
9824
42592
42597
9830
42598
9833
9834
42603
9836
9837
42605
9838
9839
42607
9841
9842
9844
9846
9847
42615
9849
9850
9851
9852
9853
9855
42624
9858
9859
9860
42628
9863
9864
9865
9866
9868
9869
9870
9871
42639
9872
9873
42641
9877
9878
9879
9880
9881
9883
9886
9887
9888
42657
9890
9891
42659
9894
9895
42663
9896
42665
9899
42667
9900
42668
42671
9908
9909
9911
9912
42680
9914
9915
9916
9917
42686
9920
9921
9923
9924
9926
9927
9928
9929
9931
9932
9934
42702
9935
9936
9937
9938
42706
9940
9941
9942
42710
9943
42711
9944
9946
9947
42715
9948
9949
42717
9950
9951
42719
9952
42720
9953
42721
9956
9958
9959
9961
9962
42730
9963
42731
42732
9965
9966
9967
42736
9969
9970
42738
9971
9972
9974
42742
9975
9976
9977
9978
42747
9980
9981
9982
9984
42753
9986
9987
9988
9989
9990
9991
9994
9995
42763
9997
9998
42766
9999
10000
42768
10001
10002
42771
10004
42772
10006
10009
10010
10011
42779
10012
10013
10014
42782
10015
42785
10018
10020
10023
10024
10025
10026
10027
10028
10030
10031
10032
42801
10034
10036
10037
10038
10039
10040
42810
42812
10046
42814
10047
10048
42817
10050
10051
10052
10054
10055
10056
10057
10059
10060
10061
10062
10063
42831
10064
10065
10066
10069
10070
42839
10072
42840
10073
10074
10075
10076
10077
42845
10078
10079
10080
42848
10081
10082
10083
42851
10085
42853
10087
10088
10091
10092
10093
42861
10095
42863
10096
10098
10099
10100
10101
10102
10104
10105
10106
10108
10109
10110
10111
10116
10117
42885
10118
10119
42887
10120
10121
10122
42892
10126
10127
42897
10130
10133
10134
10135
10136
10137
10138
42906
10140
42910
10144
10145
10147
42915
10148
10149
42917
10151
42921
10154
42922
10155
10156
10157
42925
10158
10161
42929
10162
10163
10164
10165
42933
10166
10168
42937
10170
10173
10174
10175
10176
10178
10179
42950
10185
42953
10186
10187
10192
10193
10194
10196
10198
10200
42968
10201
10203
10207
10209
10211
10212
42982
10215
10217
10218
10220
42988
10221
10222
42990
42991
42995
10228
10229
10230
10233
10234
10236
10237
10239
10241
43009
10242
43010
10244
10245
10246
43015
10248
10251
10252
43020
10253
43021
10254
10255
43023
10256
10258
10260
43028
10261
10263
10264
10265
10266
10267
10270
43038
10271
43039
10273
10274
10275
43043
10276
43044
10277
43045
10279
10280
10283
10284
43052
10286
43055
10288
10290
10292
10293
10295
10296
10297
10298
10300
10301
10303
10304
10305
10307
10308
10309
43077
10314
10315
43083
43084
10317
10318
10319
43087
10320
43088
10321
10322
43090
10323
10324
10325
10326
43094
10329
43097
10333
10335
10337
10338
10339
10340
10341
10343
10344
43112
10345
10346
10347
10348
10349
10350
43118
10351
10352
43120
10354
43122
10355
43123
10356
10357
43125
43126
10359
43127
10360
10361
10362
43130
10366
43136
10369
10370
10372
10374
43142
10377
10378
43148
10381
43150
10383
10384
10386
43154
10387
43155
10389
10390
43159
43160
10393
43161
10395
10396
10397
10398
10399
10400
10401
10402
43170
10404
10405
43173
10406
10407
10408
43178
10412
10413
10415
10416
10418
43186
10421
10425
10426
10427
43195
10429
43197
43200
10433
10434
43203
10436
43204
10438
10439
10440
43208
10441
10442
10444
43212
10445
10446
43215
43216
10449
43217
10450
43218
10451
43220
10453
10454
10455
10456
10459
10460
43229
10462
10463
10464
10465
10466
43234
10468
10469
10470
10471
10472
10474
43242
10475
10476
10477
10479
10480
43249
10482
10483
10484
43254
10487
10489
10493
43261
10494
10495
10497
43265
10499
10500
43268
10501
10502
10503
10505
43273
43274
10509
10510
43278
10512
43280
43281
10515
43283
10516
10517
10518
43286
10520
10521
10522
10523
10524
10525
10526
10528
43297
10530
43298
10533
43301
10535
43304
10537
10539
43307
10540
10541
43309
10542
10543
10544
43312
10546
10547
10549
10550
10552
10553
10554
10555
43323
10556
43324
10559
43327
10561
10563
43331
10564
10565
43333
10566
43334
10568
10571
10572
10573
43341
10575
10576
10577
10580
10581
10583
10584
10586
10587
43356
10590
10591
43360
10593
10595
10597
43365
10598
43366
10599
43367
10600
10601
10603
10607
43375
10608
10611
43379
43380
10615
10616
10617
10618
10619
10620
43389
10622
10623
10624
10625
43395
10629
43397
43398
10631
43400
10633
10634
10636
10637
10638
10639
43407
10640
10642
10643
10644
10646
10647
10648
43417
10650
10651
10652
10653
43421
10654
10655
10656
10657
43425
10658
10659
10660
10661
10662
43430
10663
43431
10664
10666
10668
10671
10672
10673
43441
10674
43442
10677
10678
43446
10679
43447
10680
10683
10685
43453
10686
43454
10687
10689
10690
10691
10692
10693
10695
43464
10697
10698
10699
10700
43468
10702
10703
43471
10706
10707
10709
10711
10717
10718
10719
10720
10721
10722
10723
10726
10728
43496
43498
10731
10732
10733
10736
10737
10738
10739
43508
43509
43511
10744
10745
10746
10747
10748
10749
10750
43518
10751
10752
10754
43522
10755
10756
43526
10760
10761
43529
10762
10763
10764
43534
10767
10768
10769
10770
43539
10772
43541
10775
10776
43545
10778
10779
10781
10783
43551
10784
10786
43554
10787
10788
10791
10792
10796
10798
10802
10803
10805
10806
10807
43576
10809
43577
43578
10811
10812
10813
10814
43583
10816
10818
10819
10820
10822
43591
43593
10826
10827
43595
10829
10830
10834
10835
10836
10837
43609
10843
10845
10846
10848
10849
10850
10852
10853
10859
10860
43628
10862
10863
43631
10865
43633
10866
43634
10867
10869
10871
43639
43640
10873
43641
10874
10875
43644
10877
43646
10881
43651
10889
43657
10890
43658
43663
10896
43665
10898
10899
43667
10901
10902
43670
10903
10904
43672
10905
10906
10907
10908
10909
43677
10912
43681
10915
43684
10917
10920
43689
10922
10923
10925
43693
10926
10927
10928
43697
10931
43699
10933
10936
43707
10941
10942
43710
10943
10945
10946
10947
10949
10952
10953
10954
43722
10956
43725
10958
10959
10960
43728
10962
10963
10964
10965
43734
10967
10968
10970
10971
43743
10976
43745
10978
10979
10980
10981
43749
10982
10984
10985
10986
43754
10988
10991
10993
10994
43762
10995
10996
10997
43765
10998
10999
43767
11001
11002
11004
43772
11005
11006
11007
11008
11010
11011
11012
11014
43782
11016
43784
11017
11018
11019
11020
43788
11021
43789
11022
11023
11024
11025
11026
11027
11028
11030
11031
11032
11033
11036
43806
43807
11040
11041
43810
11043
11044
11045
11046
11047
11048
43816
11050
43818
11051
43819
11052
11054
43822
43823
11056
11057
11058
11060
11061
11062
11063
11066
11067
11069
11071
43839
11073
11074
11075
11076
11077
11079
11080
11081
43850
11083
43851
11084
11085
11087
11088
43856
11089
11091
11092
11093
11095
43863
11097
43865
11098
11101
43869
11102
11103
11104
43872
11105
11106
11107
43875
11110
11111
43879
11112
11113
11114
11115
43884
11117
11121
11122
11123
11124
11125
11127
11128
11130
11131
11132
11133
43901
11135
11136
43904
11137
11138
11139
11140
11141
11142
11143
43913
11147
11148
11151
11152
43920
43921
43922
11155
43926
43927
11160
43928
11161
43929
43930
11163
11164
11166
11168
43936
11169
43938
43939
43940
11173
11174
11175
11176
43944
11177
11178
11180
43949
11183
43951
11186
11187
43955
11189
43957
11190
11192
11194
11197
11198
11202
11203
11204
11205
11206
11208
11210
11212
11214
11215
43983
11216
11217
43985
11218
11219
11220
11222
43990
11223
11227
43995
11228
11229
43999
11232
11233
11234
44003
11236
11237
44005
11241
11244
11245
44014
11247
11249
11250
11251
44019
11252
44020
11253
44021
11254
11256
11258
11260
11262
11263
11264
11265
44033
11266
11267
11268
11269
11270
44040
11274
11276
11277
11279
44048
11281
44049
11282
44050
44053
11286
11287
11288
11289
44058
11291
11292
44060
11294
11297
11298
11299
11300
11301
11304
44072
44073
44076
11310
44078
11312
11314
11315
11317
11318
11319
11320
44088
11322
11324
11326
11329
11330
44102
11335
11336
44104
11337
11338
11339
11340
44110
11343
11344
11346
11347
11348
11351
44119
11353
11354
11355
11356
11357
11360
11361
11362
11364
11365
11366
44135
11369
44137
11370
11371
11372
44140
44141
11375
11376
11377
11378
11379
11380
11382
11383
11384
44152
11386
44155
11388
11389
11390
11391
11392
11393
44161
11395
11397
11398
11399
44167
11400
11401
44169
11402
44170
11403
11404
11405
11409
44177
11410
11411
11412
44180
11413
11414
11416
44184
11418
44186
11419
44187
11421
11422
44192
11425
44193
11426
11428
11429
11431
11433
11435
11437
11438
44206
11439
44207
11440
11441
44211
11447
11450
11451
11452
11454
11456
11457
44225
44227
11461
44229
11462
44230
11463
11464
44233
44234
11467
11469
11472
11473
11474
11476
44244
44245
11478
11479
11480
11481
11483
11485
11486
11487
44258
11491
11492
11493
44262
11495
44266
11500
11501
44270
11503
11505
11506
11507
11509
11512
44281
11514
44282
11515
44287
11520
11521
11522
44290
11523
11524
11525
11526
11527
11528
44297
11530
11531
11533
11534
11536
44304
11538
44307
11540
44309
11542
11543
11544
44313
11548
11550
11551
11552
11554
11555
11556
11557
11558
11559
11560
11561
11563
11564
11566
11567
11570
44339
11572
11573
11574
11575
44343
11579
11580
11581
11582
11584
11585
11586
11588
11589
44358
11591
11593
11594
44363
11596
11597
44365
11598
11600
44368
11601
44369
11602
11603
44371
11605
11606
11607
11610
44378
11611
11612
11614
11615
11616
11617
44385
11620
11621
11622
11627
11628
11629
11631
44399
11632
11633
11634
11638
11640
11641
44409
44410
11644
44415
11649
11652
11653
44422
11656
11657
44425
11659
11661
11664
44432
11666
44434
11668
11669
44437
11672
11673
11674
44442
11675
11676
11678
11679
44447
11680
44448
11683
11684
11685
11686
11687
44455
11688
11689
11690
11691
11693
11695
11697
11698
11699
11700
11701
11707
11709
44477
11710
44478
11711
44479
11712
11713
11714
44482
44483
11716
11717
11718
44489
11725
11726
44496
11730
44498
11732
11733
11735
11736
11737
11738
11739
11740
11741
44509
11743
11744
44512
11745
11746
44514
11747
11748
11749
44518
11752
11753
11754
44522
11755
44523
11756
11757
11761
11763
11764
44532
11765
44533
11766
11767
11769
44537
11770
11771
11772
11773
11775
11777
11778
44546
11779
44547
11780
11781
44550
11783
11784
11786
11787
11788
44556
11789
11790
11791
11792
44561
11794
11795
44563
11796
11797
44565
11798
11799
44567
11800
11802
44570
11803
11805
11806
11807
11809
44579
11812
11814
11815
11816
11817
11818
11821
11822
44590
11823
11824
11825
11826
11827
11828
11830
11832
44600
11834
11835
11836
11837
11838
11839
11841
11842
44610
11843
11844
11845
11847
11848
44616
11849
44617
11850
44618
11852
11853
44621
11854
11855
11856
44624
11857
11858
11861
11864
11865
11866
11867
11868
11870
44638
11872
11873
11874
11875
11878
11879
11880
44649
11883
11884
11885
11887
11888
11889
11891
11892
11893
11894
44662
11895
44663
11896
44664
11898
11899
11901
11903
11905
11906
11907
11908
11911
11912
11914
11915
11916
11917
11919
44687
11920
11921
11922
11923
11924
44693
44694
11930
11931
11933
11934
11936
11937
44705
11939
11940
11941
44709
11943
11945
44713
44716
11950
11953
44721
11954
11955
44723
11958
44726
11960
11961
44729
11963
44731
11964
11966
11967
44735
11971
11973
11974
11976
44744
11977
11978
44747
11982
11984
11985
11986
11987
11988
11989
11990
44759
11992
11994
44762
11995
11996
11998
11999
12002
12004
44773
12006
12009
12012
44781
12014
12017
12018
44786
12019
12020
12023
44791
12024
44792
12025
12026
12027
12028
12029
44797
12030
44798
44799
12033
44802
12035
44803
12037
12040
12042
12043
12044
44812
44815
12048
44816
44817
12051
12052
44822
12055
12056
44824
12057
12058
12059
12060
12062
12063
12064
12066
12067
44835
44836
12070
12072
12073
44841
12074
44842
12078
12079
12080
44849
12082
12083
12085
12086
44854
12087
44855
12088
44856
12089
12090
44860
12093
12094
12095
12096
12097
12102
12103
44871
12104
12105
12111
44879
12113
12114
12115
12118
12119
12120
12121
12123
12124
12126
12127
12128
44897
12130
44900
44903
12136
44905
12138
44909
12142
44910
12144
44912
12145
12146
12147
12148
44918
12151
12152
12153
12156
12157
12159
12160
12161
12162
44933
12167
12168
12169
44938
12172
12173
44941
12174
12176
12177
12178
12179
12180
12181
12183
12184
12188
12189
12190
12191
12192
12193
12194
12195
12197
12198
12199
12200
12201
12203
44972
12205
44974
12207
12208
12210
12212
44980
12214
44982
44983
12216
12219
12220
12221
44989
12223
12224
12225
12226
44995
12229
44997
12230
45000
12233
45001
12234
45002
12235
12236
12237
45005
12239
12240
12243
12244
12245
45013
12246
12247
12249
45018
12251
12252
12253
45021
12254
12255
12257
12258
12260
12262
45030
12263
12264
45032
12265
45033
12266
12267
12268
12271
12272
45040
12273
12274
12275
45043
12276
12277
12278
45046
12279
12280
45048
12281
12282
12283
45052
12286
45054
12287
12288
12289
12292
12294
12296
12299
45067
12300
45068
45069
12303
12304
12306
12308
12309
12310
12311
12312
12313
45081
12314
12315
12316
45084
12317
45087
12321
12323
12324
12325
12326
12327
12328
45098
12331
45099
12332
45100
12333
12334
12335
45103
12336
12337
45106
12339
12340
45110
12343
12345
12346
12347
12348
12349
12350
12351
12352
12354
12355
12359
12360
12361
12362
12363
12366
12367
12369
12373
12374
12375
12376
12377
12379
12380
12382
12383
12384
12385
12386
12387
12388
12389
12392
12396
12399
12401
12402
12403
12404
12405
12407
12408
12409
12410
12411
12412
12415
12416
12417
12418
12419
12422
12424
12425
12427
12428
12430
12431
12432
12433
12434
12435
12436
12437
12438
12445
12446
12447
12448
12451
12453
12455
12457
12458
12459
12460
12461
12464
12466
12468
12469
12470
12471
12472
12473
12474
12475
12476
12477
12478
12480
12481
12482
12483
12484
12488
12489
12491
12492
12493
12495
12496
12497
12498
12499
12500
12504
12507
12508
12510
12511
12512
12515
12520
12521
12522
12523
12524
12528
12529
12530
12531
12532
12534
12536
12539
12541
12542
12544
12545
12546
12547
12548
12552
12553
12554
12555
12557
12558
12561
12562
12565
12566
12568
12569
12570
12574
12575
12576
12577
12580
12581
12583
12585
12586
12588
12589
12591
12592
12593
12597
12598
12599
12600
12601
12602
12603
12606
12607
12608
12609
12610
12611
12613
12615
12616
12620
12622
12624
12625
12627
12628
12629
12630
12631
12632
12634
12636
12637
12638
12639
12640
12643
12645
12646
12648
12650
12652
12653
12656
12660
12661
12662
12663
12664
12665
12669
12673
12674
12675
12676
12679
12681
12682
12683
12684
12686
12687
12688
12690
12691
12692
12693
12695
12697
12701
12702
12705
12707
12708
12710
12711
12713
12714
12715
12717
12719
12723
12724
12725
12727
12728
12729
12730
12731
12733
12736
12739
12740
12741
12743
12746
12747
12749
12751
12752
12753
12754
12755
12757
12759
12760
12761
12762
12764
12765
12768
12769
12770
12772
12773
12774
12775
12776
12780
12781
12782
12785
12786
12787
12794
12795
12796
12797
12800
12801
12802
12804
12805
12807
12809
12810
12815
12816
12817
12818
12820
12821
12823
12825
12826
12828
12831
12833
12835
12836
12840
12843
12844
12845
12847
12849
12851
12852
12853
12854
12855
12856
12857
12859
12860
12863
12865
12866
12869
12870
12871
12873
12877
12879
12880
12881
12884
12889
12890
12893
12895
12897
12898
12899
12901
12902
12905
12906
12907
12908
12909
12913
12914
12916
12917
12918
12919
12920
12923
12924
12925
12927
12928
12929
12930
12931
12932
12933
12934
12935
12936
12937
12938
12939
12940
12941
12942
12943
12948
12949
12950
12953
12954
12955
12957
12958
12959
12960
12963
12966
12967
12968
12969
12970
12971
12972
12974
12979
12980
12984
12985
12986
12988
12989
12992
12993
12994
12996
12997
12999
13000
13002
13003
13004
13005
13007
13008
13009
13010
13014
13015
13019
13020
13022
13024
13026
13027
13028
13030
13033
13034
13035
13036
13038
13039
13041
13043
13044
13045
13046
13047
13048
13049
13050
13051
13055
13056
13057
13059
13060
13062
13063
13064
13066
13067
13068
13069
13070
13071
13072
13073
13074
13075
13076
13077
13080
13081
13082
13083
13086
13088
13092
13093
13094
13097
13099
13101
13102
13103
13104
13105
13106
13107
13108
13109
13110
13111
13113
13115
13117
13118
13119
13120
13121
13124
13125
13130
13133
13134
13137
13138
13139
13140
13141
13143
13145
13146
13147
13148
13150
13151
13152
13154
13157
13159
13163
13164
13166
13168
13170
13171
13176
13178
13182
13185
13186
13187
13188
13190
13191
13192
13193
13196
13197
13198
13199
13201
13203
13204
13205
13208
13209
13210
13212
13214
13215
13216
13217
13219
13220
13222
13224
13225
13227
13228
13231
13232
13233
13235
13236
13237
13239
13240
13241
13242
13244
13245
13246
13247
13250
13251
13253
13255
13256
13258
13259
13260
13261
13262
13263
13264
13265
13266
13267
13270
13271
13272
13273
13274
13275
13276
13277
13280
13281
13286
13287
13288
13289
13290
13291
13292
13294
13295
13296
13299
13300
13301
13302
13303
13304
13305
13306
13307
13308
13309
13310
13312
13314
13315
13317
13319
13322
13323
13324
13325
13328
13330
13331
13332
13333
13334
13336
13337
13338
13339
13340
13342
13346
13347
13349
13350
13351
13353
13356
13358
13359
13360
13362
13363
13364
13365
13366
13371
13372
13374
13375
13377
13378
13379
13382
13383
13384
13385
13386
13387
13388
13389
13390
13391
13392
13393
13394
13396
13398
13400
13401
13402
13403
13404
13405
13407
13408
13411
13412
13414
13415
13416
13417
13423
13426
13428
13429
13430
13431
13432
13435
13436
13437
13438
13439
13440
13441
13442
13443
13447
13448
13449
13451
13452
13453
13454
13455
13457
13459
13461
13462
13463
13465
13467
13468
13470
13471
13473
13474
13478
13479
13480
13481
13482
13483
13484
13485
13490
13492
13493
13494
13495
13497
13498
13500
13501
13503
13504
13506
13509
13510
13512
13514
13515
13518
13519
13520
13521
13522
13524
13525
13526
13530
13532
13534
13535
13536
13537
13539
13540
13541
13542
13544
13545
13546
13547
13549
13550
13551
13553
13556
13557
13558
13560
13562
13563
13565
13567
13569
13570
13571
13573
13574
13576
13578
13580
13581
13582
13585
13586
13587
13588
13589
13590
13592
13593
13594
13595
13598
13599
13600
13602
13604
13605
13607
13608
13609
13611
13612
13613
13615
13616
13617
13621
13623
13624
13627
13628
13632
13633
13634
13635
13636
13637
13638
13639
13642
13643
13644
13646
13647
13648
13651
13652
13653
13654
13655
13656
13658
13659
13660
13661
13662
13663
13664
13666
13667
13668
13669
13671
13672
13673
13674
13676
13677
13681
13683
13684
13686
13687
13688
13689
13690
13691
13692
13693
13694
13695
13696
13697
13698
13701
13702
13703
13705
13706
13708
13709
13711
13712
13714
13715
13717
13719
13720
13721
13724
13726
13727
13729
13732
13733
13734
13735
13737
13738
13739
13740
13742
13743
13744
13746
13747
13748
13749
13750
13751
13752
13754
13756
13757
13758
13759
13761
13764
13766
13767
13768
13770
13771
13772
13773
13774
13775
13776
13777
13779
13782
13784
13785
13787
13789
13790
13791
13795
13798
13802
13803
13804
13805
13806
13807
13808
13810
13811
13812
13813
13814
13815
13816
13817
13820
13821
13822
13825
13826
13830
13832
13833
13834
13835
13837
13838
13841
13845
13846
13847
13848
13851
13853
13854
13855
13856
13857
13858
13861
13866
13867
13868
13870
13871
13874
13875
13876
13878
13879
13880
13881
13883
13884
13887
13890
13891
13892
13894
13895
13897
13898
13899
13900
13903
13904
13905
13907
13908
13909
13910
13912
13914
13915
13916
13917
13920
13921
13922
13923
13925
13926
13928
13929
13930
13931
13932
13933
13934
13936
13938
13939
13940
13942
13943
13944
13945
13946
13947
13951
13952
13953
13954
13955
13957
13958
13960
13962
13963
13965
13966
13967
13968
13969
13970
13972
13974
13975
13976
13984
13985
13986
13988
13989
13990
13993
13995
13996
13997
13999
14000
14002
14003
14005
14006
14007
14009
14010
14011
14013
14014
14015
14017
14018
14020
14021
14027
14028
14031
14034
14037
14039
14040
14041
14042
14045
14046
14047
14050
14051
14052
14053
14055
14057
14059
14061
14062
14063
14065
14066
14067
14068
14071
14072
14074
14077
14078
14079
14081
14082
14083
14084
14086
14088
14091
14093
14094
14095
14097
14099
14100
14103
14104
14105
14106
14107
14108
14110
14112
14114
14115
14117
14119
14120
14121
14122
14123
14125
14126
14127
14130
14131
14132
14133
14134
14135
14136
14141
14145
14146
14147
14148
14151
14152
14153
14155
14160
14163
14164
14165
14169
14170
14171
14172
14174
14178
14180
14181
14182
14183
14184
14185
14186
14187
14188
14189
14190
14191
14192
14193
14195
14196
14197
14198
14200
14203
14204
14205
14206
14207
14208
14210
14213
14214
14216
14218
14221
14224
14225
14227
14228
14231
14233
14236
14237
14240
14241
14242
14243
14244
14245
14246
14247
14248
14249
14251
14252
14253
14254
14255
14256
14257
14258
14260
14261
14263
14265
14268
14271
14272
14273
14274
14275
14280
14281
14282
14284
14285
14286
14288
14289
14293
14294
14295
14296
14300
14302
14304
14307
14309
14310
14312
14313
14314
14315
14316
14317
14318
14319
14320
14321
14323
14324
14326
14327
14328
14329
14332
14333
14334
14335
14336
14339
14344
14345
14346
14347
14349
14350
14351
14354
14355
14356
14357
14358
14360
14361
14365
14366
14368
14369
14370
14371
14372
14373
14374
14375
14376
14377
14379
14380
14383
14385
14386
14387
14389
14391
14395
14396
14398
14399
14401
14402
14403
14404
14405
14406
14407
14408
14409
14410
14411
14412
14413
14416
14417
14418
14420
14422
14423
14424
14425
14426
14428
14429
14430
14431
14432
14433
14434
14435
14436
14437
14438
14439
14442
14446
14448
14449
14450
14451
14453
14455
14460
14461
14464
14465
14466
14468
14471
14472
14475
14478
14479
14480
14482
14483
14484
14485
14486
14487
14488
14489
14490
14492
14494
14497
14498
14499
14500
14501
14503
14504
14506
14507
14508
14511
14513
14514
14515
14516
14518
14519
14520
14521
14522
14523
14525
14527
14528
14529
14530
14531
14532
14533
14534
14535
14538
14542
14543
14544
14545
14546
14547
14548
14549
14550
14552
14554
14556
14557
14559
14561
14562
14563
14564
14565
14568
14569
14572
14573
14575
14582
14583
14584
14585
14587
14588
14589
14591
14594
14595
14596
14597
14598
14600
14602
14603
14604
14608
14609
14613
14616
14617
14618
14620
14623
14626
14627
14629
14631
14633
14634
14635
14637
14638
14642
14643
14645
14646
14647
14650
14654
14655
14656
14657
14659
14660
14661
14663
14664
14666
14668
14669
14670
14671
14673
14675
14676
14677
14678
14679
14680
14681
14682
14683
14684
14687
14688
14690
14691
14692
14694
14695
14697
14698
14699
14700
14703
14704
14706
14708
14709
14712
14713
14715
14716
14717
14719
14720
14722
14723
14726
14727
14728
14729
14730
14731
14732
14734
14736
14737
14739
14741
14743
14744
14745
14747
14748
14749
14750
14753
14754
14755
14756
14759
14760
14761
14763
14764
14765
14766
14767
14770
14771
14772
14774
14775
14776
14777
14778
14779
14780
14782
14784
14785
14786
14788
14791
14792
14793
14794
14795
14797
14798
14799
14801
14802
14803
14804
14805
14807
14809
14810
14811
14812
14813
14814
14815
14817
14819
14820
14821
14823
14827
14829
14830
14831
14832
14833
14835
14836
14837
14839
14842
14843
14844
14846
14849
14850
14851
14852
14854
14855
14856
14857
14858
14859
14860
14863
14867
14868
14869
14873
14875
14878
14879
14880
14882
14883
14885
14886
14888
14889
14890
14891
14893
14895
14896
14897
14898
14900
14901
14902
14903
14904
14907
14908
14911
14913
14914
14915
14916
14918
14921
14922
14923
14924
14925
14927
14930
14932
14933
14934
14936
14938
14941
14942
14943
14944
14946
14948
14953
14954
14957
14958
14960
14961
14963
14967
14969
14972
14973
14974
14975
14976
14977
14978
14979
14980
14981
14982
14983
14985
14986
14987
14988
14989
14990
14991
14992
14993
14995
14997
14998
14999
15000
15003
15006
15007
15009
15011
15019
15021
15022
15023
15024
15026
15027
15028
15029
15030
15032
15033
15035
15036
15037
15039
15040
15041
15044
15046
15048
15049
15050
15051
15052
15054
15056
15059
15061
15063
15064
15067
15068
15069
15070
15071
15073
15075
15077
15079
15081
15082
15087
15088
15092
15093
15094
15095
15096
15097
15098
15100
15103
15104
15105
15106
15107
15108
15109
15111
15113
15114
15115
15118
15119
15123
15126
15128
15130
15133
15134
15135
15136
15139
15140
15141
15143
15145
15148
15149
15150
15153
15154
15155
15156
15157
15158
15160
15162
15164
15166
15167
15169
15170
15171
15174
15175
15178
15179
15180
15182
15184
15185
15186
15187
15188
15192
15193
15195
15198
15199
15201
15204
15205
15208
15209
15211
15212
15213
15215
15216
15218
15219
15220
15221
15222
15226
15229
15231
15232
15234
15235
15238
15241
15242
15248
15249
15251
15253
15254
15255
15256
15257
15259
15262
15263
15264
15265
15266
15268
15270
15271
15273
15274
15276
15277
15278
15280
15282
15283
15285
15287
15289
15291
15292
15293
15294
15295
15296
15298
15301
15302
15306
15307
15310
15311
15312
15313
15314
15315
15320
15321
15323
15324
15325
15327
15328
15331
15335
15337
15338
15339
15340
15341
15343
15344
15349
15350
15352
15354
15355
15356
15357
15359
15361
15362
15363
15365
15366
15367
15370
15372
15373
15374
15375
15376
15377
15379
15380
15382
15383
15384
15385
15387
15388
15389
15390
15393
15395
15396
15397
15398
15400
15402
15403
15405
15407
15408
15410
15411
15412
15414
15415
15416
15419
15420
15421
15423
15424
15425
15426
15428
15430
15434
15436
15438
15439
15442
15444
15445
15446
15447
15448
15449
15450
15451
15452
15453
15454
15455
15456
15457
15460
15461
15463
15464
15465
15466
15468
15470
15472
15473
15474
15475
15478
15479
15480
15481
15484
15486
15488
15489
15490
15492
15494
15499
15501
15504
15506
15507
15510
15512
15513
15514
15515
15517
15518
15519
15520
15521
15523
15525
15528
15529
15531
15532
15534
15537
15539
15540
15541
15542
15544
15545
15547
15548
15550
15552
15554
15555
15556
15558
15560
15562
15564
15567
15568
15569
15571
15573
15575
15576
15579
15580
15582
15585
15586
15587
15588
15589
15590
15591
15593
15595
15597
15599
15600
15602
15603
15605
15606
15613
15614
15615
15617
15619
15620
15621
15622
15625
15626
15627
15629
15630
15631
15633
15634
15635
15636
15638
15642
15646
15647
15648
15649
15650
15651
15653
15654
15655
15656
15657
15658
15659
15661
15662
15664
15666
15668
15669
15670
15671
15672
15673
15674
15675
15677
15678
15679
15681
15684
15688
15689
15690
15692
15693
15695
15696
15699
15704
15707
15708
15709
15713
15714
15716
15719
15720
15721
15723
15725
15727
15728
15729
15730
15731
15732
15733
15734
15738
15739
15741
15743
15744
15745
15746
15747
15748
15749
15751
15752
15753
15759
15761
15763
15764
15765
15767
15768
15770
15772
15773
15774
15775
15777
15778
15781
15782
15783
15784
15785
15786
15788
15789
15790
15791
15792
15793
15794
15795
15796
15798
15799
15801
15802
15803
15804
15805
15806
15807
15808
15810
15811
15813
15814
15816
15817
15821
15822
15823
15826
15827
15828
15830
15831
15836
15839
15840
15842
15844
15845
15846
15847
15848
15850
15855
15857
15858
15860
15861
15862
15863
15865
15867
15868
15870
15871
15875
15876
15877
15878
15879
15880
15881
15883
15884
15885
15886
15887
15890
15891
15892
15893
15895
15897
15898
15899
15902
15903
15904
15905
15906
15908
15911
15912
15913
15914
15919
15922
15926
15927
15928
15929
15930
15931
15932
15933
15938
15940
15941
15942
15943
15945
15946
15947
15948
15949
15950
15951
15957
15958
15959
15961
15962
15963
15965
15968
15969
15970
15971
15972
15973
15974
15975
15976
15979
15980
15981
15982
15983
15984
15985
15986
15987
15988
15989
15990
15992
15994
15995
15997
16002
16003
16004
16005
16006
16009
16011
16015
16018
16019
16020
16021
16023
16025
16027
16028
16033
16034
16035
16037
16039
16040
16041
16042
16045
16046
16047
16049
16051
16052
16054
16055
16056
16058
16062
16063
16064
16067
16077
16081
16088
16090
16091
16098
16099
16115
16117
16122
16123
16124
16129
16130
16134
16136
16143
16145
16153
16155
16157
16159
16165
16169
16170
16179
16184
16189
16199
16203
16205
16212
16220
16225
16232
16234
16237
16242
16246
16247
16248
16250
16251
16252
16259
16270
16279
16283
16284
16288
16291
16304
16307
16309
16311
16315
16319
16323
16325
16336
16337
16338
16340
16341
16347
16354
16355
16356
16361
16363
16366
16369
16375
16380
16383
16386
16392
16395
16405
16409
16421
16423
16425
16427
16433
16434
16435
16437
16440
16447
16453
16462
16463
16476
16477
16478
16479
16484
16491
16493
16494
16495
16500
16501
16502
16503
16506
16507
16515
16516
16522
16524
16527
16533
16534
16546
16552
16564
16567
16575
16582
16584
16586
16597
16598
16617
16631
16636
16637
16639
16640
16646
16647
16650
16652
16656
16660
16661
16663
16669
16676
16680
16685
16690
16695
16701
16705
16706
16708
16710
16711
16717
16721
16726
16728
16737
16741
16747
16763
16767
16770
16771
16773
16788
16789
16792
16797
16804
16827
16828
16831
16834
16836
16840
16845
16848
16854
16867
16870
16877
16879
16888
16896
16901
16908
16911
16912
16913
16916
16929
16932
16939
16941
16956
16961
16962
16965
16973
16974
16977
16983
16986
17000
17011
17014
17015
17021
17028
17033
17039
17043
17049
17052
17062
17063
17065
17069
17078
17081
17082
17086
17087
17088
17089
17097
17099
17107
17114
17119
17124
17132
17135
17138
17142
17154
17155
17159
17162
17173
17175
17186
17205
17208
17217
17230
17242
17243
17251
17252
17253
17266
17277
17282
17286
17291
17295
17296
17297
17302
17305
17326
17336
17338
17339
17341
17343
17344
17348
17350
17352
17358
17360
17363
17368
17370
17377
17381
17389
17391
17392
17395
17397
17399
17401
17405
17409
17415
17416
17419
17422
17438
17441
17448
17450
17453
17457
17460
17466
17469
17470
17472
17477
17478
17488
17505
17508
17512
17518
17521
17527
17533
17543
17548
17562
17565
17567
17569
17574
17582
17586
17590
17591
17592
17611
17614
17620
17623
17624
17632
17638
17648
17654
17663
17673
17674
17680
17683
17706
17707
17718
17722
17723
17724
17727
17731
17758
17761
17766
17768
17769
17770
17771
17774
17783
17788
17789
17790
17799
17800
17801
17806
17809
17813
17827
17828
17830
17840
17843
17846
17847
17848
17852
17854
17857
17861
17863
17878
17882
17884
17887
17891
17896
17899
17903
17906
17907
17908
17910
17916
17919
17926
17927
17944
17956
17958
17959
17961
17966
17967
17977
17978
17980
17986
17991
17995
18003
18005
18007
18011
18012
18016
18017
18018
18023
18028
18029
18032
18033
18034
18037
18041
18042
18050
18055
18064
18066
18069
18072
18073
18079
18082
18088
18091
18096
18098
18100
18102
18113
18115
18120
18121
18123
18124
18125
18130
18131
18137
18140
18150
18151
18153
18154
18156
18175
18176
18177
18181
18183
18188
18205
18214
18220
18221
18223
18230
18238
18244
18249
18253
18257
18268
18271
18273
18277
18281
18286
18290
18295
18303
18306
18314
18316
18317
18320
18328
18330
18338
18347
18352
18357
18359
18360
18362
18364
18365
18369
18371
18372
18375
18378
18379
18387
18388
18389
18401
18406
18412
18416
18419
18426
18428
18439
18452
18455
18461
18471
18474
18476
18479
18482
18490
18500
18503
18504
18507
18514
18516
18518
18522
18540
18543
18544
18547
18557
18569
18575
18577
18579
18586
18587
18601
18604
18605
18609
18616
18620
18621
18628
18629
18640
18653
18655
18658
18661
18667
18670
18673
18674
18680
18682
18683
18685
18686
18688
18698
18700
18701
18711
18712
18714
18717
18722
18725
18729
18732
18734
18739
18751
18758
18761
18762
18763
18765
18770
18779
18780
18781
18784
18792
18793
18794
18802
18810
18814
18816
18818
18827
18828
18829
18832
18833
18835
18840
18851
18855
18857
18865
18872
18875
18881
18882
18883
18887
18888
18889
18890
18892
18894
18899
18908
18913
18916
18918
18932
18937
18940
18954
18965
18966
18974
18988
18995
19001
19003
19012
19013
19016
19019
19022
19023
19026
19044
19054
19056
19076
19079
19082
19084
19088
19101
19102
19112
19114
19118
19126
19127
19134
19148
19156
19159
19160
19166
19170
19181
19182
19186
19194
19199
19208
19212
19215
19223
19224
19225
19230
19232
19233
19241
19246
19253
19257
19260
19265
19273
19279
19289
19298
19299
19301
19305
19327
19331
19339
19342
19354
19362
19368
19369
19370
19373
19381
19382
19385
19390
19391
19392
19401
19407
19411
19413
19420
19429
19430
19432
19437
19438
19441
19448
19449
19450
19458
19474
19475
19484
19492
19499
19503
19508
19510
19516
19519
19529
19536
19540
19543
19551
19559
19564
19567
19572
19579
19585
19587
19593
19594
19599
19600
19603
19606
19616
19621
19625
19628
19633
19645
19656
19658
19662
19667
19670
19673
19680
19684
19686
19689
19696
19698
19699
19700
19701
19712
19723
19728
19730
19731
19736
19737
19746
19755
19756
19768
19769
19775
19776
19785
19798
19808
19811
19815
19822
19833
19836
19838
19840
19842
19847
19869
19871
19872
19877
19888
19889
19899
19900
19906
19907
19913
19919
19920
19930
19941
19943
19946
19947
19951
19957
19965
19969
19970
19971
19972
19981
19983
19986
19998
20006
20019
20020
20026
20029
20030
20034
20042
20044
20047
20056
20059
20063
20064
20065
20073
20079
20086
20087
20089
20093
20103
20104
20105
20111
20113
20121
20127
20128
20148
20149
20155
20162
20163
20166
20167
20168
20182
20189
20190
20191
20193
20195
20197
20198
20199
20205
20219
20225
20229
20238
20239
20242
20251
20259
20261
20280
20282
20287
20298
20300
20302
20310
20312
20317
20338
20339
20341
20342
20346
20348
20351
20361
20374
20400
20402
20403
20414
20415
20426
20433
20435
20438
20440
20445
20454
20462
20466
20472
20475
20487
20493
20496
20500
20507
20508
20510
20525
20533
20538
20539
20540
20541
20554
20559
20560
20562
20564
20571
20579
20586
20587
20596
20601
20602
20603
20622
20626
20627
20638
20641
20645
20648
20658
20665
20667
20670
20682
20684
20702
20704
20707
20709
20712
20718
20719
20721
20724
20734
20738
20739
20742
20749
20757
20762
20765
20766
20770
20771
20774
20775
20779
20787
20788
20792
20793
20794
20797
20804
20808
20810
20814
20818
20827
20828
20842
20843
20846
20849
20850
20852
20855
20862
20877
20887
20895
20896
20897
20899
20900
20907
20908
20913
20915
20919
20925
20927
20928
20934
20940
20944
20947
20949
20957
20963
20965
20967
20973
20974
20975
20980
21003
21009
21015
21017
21019
21024
21026
21030
21031
21033
21039
21042
21043
21051
21059
21060
21061
21063
21070
21074
21077
21080
21082
21087
21088
21094
21101
21117
21125
21131
21132
21134
21135
21145
21149
21151
21155
21158
21165
21166
21169
21174
21179
21182
21184
21188
21190
21194
21199
21202
21205
21206
21208
21210
21216
21217
21236
21237
21238
21241
21242
21250
21251
21253
21259
21263
21264
21275
21278
21283
21287
21288
21289
21290
21294
21296
21300
21303
21305
21309
21319
21321
21322
21330
21333
21334
21340
21348
21349
21350
21351
21353
21364
21367
21373
21374
21378
21381
21383
21384
21398
21407
21412
21434
21442
21446
21448
21449
21451
21462
21465
21467
21469
21473
21476
21477
21478
21480
21482
21487
21495
21513
21537
21540
21541
21550
21551
21560
21562
21567
21577
21578
21587
21592
21606
21610
21613
21620
21624
21627
21636
21649
21655
21667
21674
21679
21683
21686
21687
21690
21693
21695
21697
21703
21706
21707
21708
21711
21718
21719
21720
21722
21728
21730
21731
21735
21742
21745
21746
21751
21753
21754
21760
21761
21770
21771
21772
21777
21778
21787
21789
21790
21793
21797
21805
21814
21815
21816
21819
21824
21829
21833
21836
21841
21848
21849
21851
21858
21861
21865
21867
21872
21874
21880
21884
21887
21893
21901
21902
21907
21908
21913
21914
21915
21917
21918
21921
21924
21927
21928
21937
21942
21943
21946
21949
21950
21961
21968
21973
21979
21986
21987
21990
21991
21992
21994
21997
22000
22001
22002
22004
22010
22012
22014
22034
22035
22036
22040
22043
22045
22060
22071
22083
22086
22087
22088
22090
22095
22096
22098
22104
22105
22106
22110
22116
22120
22121
22129
22130
22138
22139
22142
22145
22152
22153
22158
22164
22166
22170
22171
22172
22174
22178
22180
22185
22187
22204
22205
22208
22210
22215
22222
22224
22225
22226
22232
22233
22234
22236
22246
22248
22252
22253
22258
22262
22264
22279
22280
22283
22286
22291
22292
22294
22305
22317
22319
22323
22327
22332
22333
22340
22342
22355
22358
22367
22370
22375
22387
22388
22393
22396
22412
22413
22432
22437
22442
22447
22450
22452
22468
22481
22484
22488
22491
22493
22495
22498
22501
22508
22513
22531
22533
22539
22543
22545
22548
22561
22563
22567
22568
22573
22578
22579
22587
22592
22604
22605
22616
22622
22624
22632
22638
22655
22659
22668
22669
22672
22675
22678
22680
22686
22690
22709
22714
22715
22716
22744
22747
22750
22762
22772
22783
22788
22791
22797
22798
22803
22807
22809
22810
22814
22817
22821
22827
22838
22842
22843
22845
22847
22849
22850
22862
22863
22866
22868
22871
22874
22875
22876
22884
22886
22892
22908
22911
22912
22914
22918
22920
22924
22932
22933
22937
22939
22948
22956
22962
22964
22966
22968
22974
22981
22985
22987
22990
22996
22998
23005
23017
23019
23020
23022
23029
23032
23033
23035
23036
23046
23048
23049
23051
23053
23055
23058
23065
23070
23078
23079
23086
23090
23092
23096
23101
23102
23109
23110
23111
23125
23127
23130
23134
23139
23151
23155
23162
23164
23173
23180
23186
23188
23195
23196
23197
23202
23204
23217
23220
23223
23226
23227
23230
23233
23234
23236
23242
23250
23264
23265
23269
23274
23275
23279
23280
23295
23301
23303
23304
23306
23307
23308
23311
23312
23320
23329
23336
23349
23350
23355
23360
23368
23376
23385
23389
23400
23408
23409
23412
23413
23417
23421
23423
23427
23433
23443
23460
23463
23464
23467
23480
23484
23497
23499
23500
23507
23509
23516
23518
23519
23525
23527
23538
23544
23552
23558
23560
23567
23573
23578
23601
23606
23629
23646
23651
23654
23656
23658
23660
23661
23664
23665
23669
23675
23676
23681
23687
23690
23692
23706
23710
23713
23726
23727
23737
23740
23744
23750
23759
23770
23772
23778
23783
23787
23794
23796
23801
23805
23810
23812
23817
23819
23820
23833
23835
23837
23840
23845
23849
23861
23867
23874
23894
23897
23900
23905
23907
23910
23912
23932
23933
23936
23939
23941
23953
23956
23959
23962
23967
23974
23989
23997
24003
24010
24030
24038
24041
24045
24048
24063
24065
24068
24069
24071
24072
24074
24076
24078
24079
24080
24081
24083
24094
24099
24107
24108
24110
24113
24117
24126
24136
24142
24143
24151
24152
24161
24168
24170
24171
24172
24176
24186
24187
24191
24192
24193
24203
24214
24222
24224
24225
24227
24229
24231
24242
24243
24249
24252
24253
24255
24263
24274
24289
24298
24301
24302
24306
24319
24324
24326
24328
24331
24334
24340
24359
24369
24373
24375
24376
24379
24391
24392
24393
24395
24405
24409
24412
24415
24416
24418
24420
24434
24441
24444
24453
24472
24476
24490
24499
24512
24516
24518
24520
24523
24526
24527
24545
24549
24556
24560
24563
24592
24600
24606
24612
24623
24627
24629
24639
24644
24645
24646
24649
24650
24669
24673
24676
24678
24683
24684
24691
24695
24698
24705
24713
24726
24729
24730
24737
24739
24740
24742
24746
24749
24759
24764
24765
24767
24769
24770
24776
24779
24780
24787
24788
24791
24803
24808
24815
24816
24820
24822
24826
24832
24837
24841
24849
24851
24863
24864
24869
24870
24871
24877
24889
24893
24899
24900
24903
24905
24906
24908
24909
24912
24915
24917
24924
24925
24929
24933
24938
24945
24948
24950
24952
24953
24960
24962
24969
24979
24980
24985
24987
24991
24998
25002
25003
25006
25014
25018
25028
25033
25034
25035
25040
25041
25042
25050
25052
25061
25063
25071
25076
25079
25093
25102
25109
25111
25114
25120
25123
25136
25141
25145
25150
25151
25156
25157
25158
25164
25168
25169
25176
25177
25183
25184
25185
25211
25218
25221
25227
25234
25237
25242
25252
25266
25268
25285
25291
25298
25306
25307
25313
25317
25320
25322
25324
25335
25340
25341
25349
25352
25353
25356
25365
25372
25373
25376
25379
25381
25383
25395
25396
25402
25405
25407
25409
25412
25417
25424
25434
25436
25437
25439
25443
25445
25446
25447
25452
25453
25457
25459
25463
25465
25466
25470
25474
25475
25477
25481
25483
25493
25497
25505
25512
25514
25518
25528
25529
25536
25537
25541
25554
25563
25566
25577
25596
25597
25599
25608
25612
25616
25622
25626
25633
25634
25635
25656
25657
25665
25669
25671
25672
25675
25678
25680
25681
25682
25686
25688
25691
25696
25697
25699
25701
25704
25706
25709
25711
25712
25714
25722
25725
25732
25734
25735
25739
25744
25748
25755
25757
25759
25761
25763
25770
25777
25781
25797
25805
25807
25812
25815
25816
25817
25828
25831
25833
25834
25838
25841
25845
25850
25861
25863
25864
25868
25871
25881
25884
25887
25888
25895
25899
25905
25919
25923
25929
25931
25935
25940
25942
25943
25949
25950
25951
25966
25970
25974
25977
25978
25979
25985
25988
25993
26011
26014
26023
26024
26033
26041
26043
26047
26048
26049
26053
26060
26061
26069
26078
26084
26089
26093
26098
26107
26109
26111
26114
26118
26119
26123
26128
26131
26132
26135
26144
26152
26166
26174
26176
26177
26184
26190
26197
26199
26208
26214
26216
26228
26231
26235
26236
26239
26242
26247
26248
26255
26258
26262
26270
26288
26295
26297
26302
26303
26309
26317
26323
26332
26339
26346
26347
26350
26358
26360
26361
26365
26373
26389
26392
26397
26400
26401
26403
26412
26414
26448
26453
26454
26457
26463
26469
26471
26480
26481
26482
26485
26487
26492
26500
26513
26515
26518
26520
26523
26531
26532
26534
26537
26540
26541
26546
26548
26555
26564
26578
26593
26598
26610
26623
26626
26628
26630
26631
26633
26634
26641
26644
26654
26668
26669
26670
26671
26672
26677
26680
26685
26688
26704
26706
26707
26708
26711
26712
26713
26716
26718
26725
26726
26727
26739
26741
26749
26757
26758
26763
26775
26777
26778
26783
26796
26807
26809
26816
26824
26828
26834
26838
26849
26852
26858
26869
26874
26876
26885
26896
26899
26912
26913
26915
26916
26917
26930
26932
26951
26958
26962
26980
26982
26989
26995
26996
26997
27003
27008
27009
27011
27019
27021
27024
27025
27029
27031
27035
27037
27041
27045
27047
27050
27051
27052
27053
27059
27065
27079
27085
27087
27089
27092
27099
27100
27104
27115
27118
27120
27123
27124
27128
27132
27133
27134
27139
27144
27147
27155
27156
27157
27161
27165
27170
27182
27183
27191
27193
27201
27206
27213
27234
27241
27242
27244
27247
27251
27252
27255
27256
27258
27270
27275
27290
27291
27292
27295
27298
27310
27311
27316
27317
27323
27329
27343
27344
27354
27357
27366
27369
27374
27377
27378
27383
27384
27386
27388
27390
27396
27401
27402
27413
27414
27416
27418
27420
27426
27430
27447
27448
27451
27452
27457
27459
27461
27464
27467
27480
27489
27494
27496
27500
27506
27516
27520
27521
27529
27536
27542
27543
27546
27549
27551
27555
27559
27566
27567
27574
27581
27584
27587
27595
27598
27604
27606
27608
27611
27619
27623
27626
27627
27628
27629
27635
27641
27646
27650
27651
27653
27658
27666
27671
27672
27688
27693
27700
27705
27708
27720
27722
27725
27730
27732
27735
27736
27747
27759
27761
27762
27763
27765
27777
27781
27787
27794
27796
27808
27811
27813
27816
27823
27824
27827
27829
27830
27834
27839
27841
27852
27853
27854
27856
27859
27873
27876
27881
27883
27884
27885
27886
27896
27899
27905
27908
27909
27912
27913
27919
27928
27929
27934
27957
27963
27967
27974
27979
27983
27986
27987
27992
27994
27995
27998
28007
28019
28021
28022
28027
28033
28035
28039
28040
28050
28059
28067
28068
28069
28078
28083
28084
28095
28097
28102
28115
28116
28117
28120
28125
28130
28132
28136
28137
28138
28139
28140
28142
28146
28151
28153
28156
28159
28166
28171
28174
28184
28185
28189
28190
28193
28194
28198
28200
28203
28212
28216
28218
28223
28238
28248
28265
28277
28280
28284
28286
28291
28295
28298
28301
28302
28303
28310
28318
28320
28321
28335
28343
28344
28348
28351
28353
28357
28362
28368
28377
28382
28384
28389
28391
28408
28411
28414
28416
28419
28420
28425
28426
28427
28428
28432
28437
28444
28464
28466
28467
28472
28479
28483
28486
28487
28493
28498
28500
28507
28510
28514
28519
28520
28521
28522
28525
28526
28527
28532
28546
28552
28554
28560
28564
28567
28572
28580
28589
28590
28597
28598
28599
28603
28605
28606
28618
28621
28624
28626
28629
28630
28631
28632
28638
28641
28650
28656
28660
28665
28668
28673
28675
28678
28679
28691
28694
28698
28707
28711
28718
28719
28720
28722
28723
28724
28732
28745
28747
28761
28765
28775
28781
28782
28788
28790
28792
28795
28806
28812
28813
28825
28826
28827
28828
28833
28834
28836
28839
28854
28855
28859
28863
28878
28885
28886
28889
28890
28894
28903
28904
28913
28915
28916
28919
28921
28923
28933
28935
28945
28946
28950
28955
28960
28962
28967
28970
28978
28986
28993
28995
28997
29000
29005
29011
29015
29021
29027
29038
29039
29047
29053
29061
29065
29072
29073
29074
29078
29079
29080
29081
29088
29094
29096
29100
29104
29106
29124
29133
29136
29138
29145
29153
29154
29158
29160
29163
29169
29176
29186
29194
29195
29197
29200
29203
29210
29219
29227
29230
29237
29238
29242
29246
29249
29267
29276
29278
29284
29287
29288
29289
29298
29300
29305
29308
29311
29316
29328
29334
29339
29351
29354
29355
29356
29358
29359
29362
29363
29364
29366
29369
29373
29376
29378
29385
29387
29397
29398
29399
29403
29411
29423
29424
29425
29427
29429
29433
29436
29442
29443
29445
29447
29451
29459
29461
29464
29480
29486
29488
29492
29500
29501
29508
29510
29511
29514
29524
29530
29532
29540
29543
29545
29546
29549
29551
29553
29555
29559
29567
29575
29576
29584
29587
29591
29599
29603
29605
29609
29623
29624
29627
29630
29632
29641
29645
29654
29656
29663
29667
29669
29674
29676
29696
29698
29709
29710
29713
29716
29718
29729
29734
29735
29740
29743
29745
29746
29751
29755
29762
29764
29772
29784
29786
29800
29802
29803
29807
29814
29821
29823
29825
29828
29830
29832
29835
29845
29846
29852
29853
29862
29863
29868
29871
29873
29880
29884
29885
29886
29900
29907
29913
29914
29926
29927
29929
29938
29939
29940
29942
29945
29952
29953
29955
29973
29976
29988
29992
29996
30003
30006
30008
30012
30013
30018
30023
30025
30026
30030
30036
30040
30046
30059
30062
30070
30074
30085
30097
30099
30100
30104
30106
30107
30110
30117
30121
30126
30131
30134
30135
30136
30138
30142
30143
30151
30154
30155
30162
30164
30170
30173
30177
30199
30203
30210
30221
30225
30233
30241
30249
30250
30254
30256
30268
30269
30270
30275
30280
30283
30287
30295
30299
30300
30303
30308
30311
30319
30321
30330
30333
30334
30336
30337
30340
30342
30346
30350
30351
30354
30359
30367
30374
30376
30377
30388
30401
30405
30406
30407
30411
30413
30419
30424
30425
30426
30428
30429
30440
30441
30442
30448
30449
30452
30465
30470
30471
30475
30483
30485
30487
30489
30490
30491
30492
30493
30498
30502
30515
30516
30520
30527
30532
30542
30543
30545
30550
30551
30552
30558
30563
30573
30579
30580
30585
30591
30594
30595
30596
30600
30602
30604
30606
30611
30612
30615
30618
30619
30620
30632
30636
30640
30643
30645
30647
30655
30658
30659
30667
30672
30676
30687
30699
30702
30703
30718
30729
30735
30736
30737
30739
30742
30746
30749
30751
30758
30759
30775
30778
30785
30804
30805
30810
30817
30827
30829
30837
30839
30847
30855
30856
30862
30865
30866
30879
30885
30887
30889
30892
30893
30899
30900
30902
30907
30908
30919
30921
30930
30944
30946
30953
30961
30964
30966
30967
30970
30971
30974
30976
30980
30995
30996
31002
31003
31005
31007
31011
31012
31014
31017
31019
31021
31024
31026
31027
31028
31031
31033
31037
31039
31042
31048
31054
31055
31058
31063
31065
31067
31072
31074
31078
31083
31084
31092
31095
31101
31106
31114
31118
31120
31122
31123
31127
31134
31142
31152
31154
31156
31158
31162
31168
31182
31186
31189
31197
31199
31203
31206
31212
31224
31233
31234
31235
31237
31241
31245
31248
31250
31252
31253
31254
31256
31261
31263
31272
31274
31275
31292
31295
31297
31300
31311
31314
31315
31317
31319
31323
31324
31333
31341
31346
31349
31351
31354
31356
31361
31362
31372
31377
31378
31381
31385
31386
31387
31399
31400
31402
31413
31426
31428
31430
31433
31434
31435
31447
31448
31454
31457
31461
31462
31463
31469
31477
31479
31480
31486
31508
31513
31514
31515
31517
31520
31524
31525
31526
31529
31536
31537
31542
31544
31545
31555
31556
31557
31566
31573
31580
31584
31591
31604
31612
31613
31621
31629
31631
31641
31650
31661
31664
31665
31684
31685
31689
31692
31703
31706
31709
31714
31715
31729
31739
31740
31747
31757
31761
31767
31769
31774
31776
31780
31786
31794
31802
31803
31804
31805
31810
31814
31815
31821
31823
31829
31831
31835
31839
31844
31845
31854
31856
31863
31865
31866
31869
31872
31877
31889
31891
31893
31895
31897
31907
31909
31916
31924
31928
31938
31950
31953
31964
31977
31980
31986
31993
31994
31998
32004
32006
32022
32024
32031
32033
32036
32044
32051
32052
32056
32059
32062
32063
32064
32077
32078
32090
32092
32100
32107
32108
32109
32110
32121
32124
32125
32129
32130
32135
32136
32140
32145
32148
32149
32164
32168
32170
32174
32177
32180
32183
32191
32192
32196
32202
32206
32207
32210
32211
32214
32219
32222
32231
32234
32235
32244
32247
32248
32263
32264
32266
32267
32286
32287
32290
32296
32298
32301
32317
32321
32327
32338
32339
32341
32343
32344
32345
32351
32361
32366
32371
32378
32379
32380
32385
32389
32398
32402
32403
32420
32426
32437
32442
32456
32459
32462
32464
32466
32470
32473
32474
32478
32483
32487
32489
32495
32505
32520
32524
32525
32536
32537
32541
32543
32553
32554
32556
32557
32558
32559
32561
32571
32574
32579
32585
32587
32589
32592
32602
32607
32608
32611
32615
32617
32619
32622
32625
32628
32650
32654
32661
32663
32668
32675
32685
32691
32698
32700
32712
32714
32719
32723
32728
32736
32737
32740
32743
32745
32755
32756
32758
140
0
1
257
259
6
265
14
270
15
271
275
20
22
278
283
29
30
34
292
43
301
304
49
306
310
313
58
59
60
62
64
320
321
70
73
329
81
337
82
338
345
90
346
91
93
351
353
99
355
100
102
359
360
109
110
366
367
368
116
372
373
118
119
375
124
382
129
130
386
131
387
133
389
392
393
394
139
140
397
142
143
400
401
147
403
149
150
406
152
159
415
163
420
421
167
423
168
424
171
172
428
173
429
175
176
177
435
438
183
441
444
448
193
450
195
197
453
200
456
203
204
206
465
211
468
471
216
220
221
477
222
224
226
229
230
237
248
249
251
252
