15470
32768
2
32770
3
4
32772
5
32773
7
8
9
10
11
12
16
17
18
20
32788
21
22
32790
23
25
26
32794
32795
29
30
32798
31
32799
32
33
34
35
37
38
40
41
42
32810
43
44
46
47
48
49
52
53
54
32824
57
58
32827
60
32828
32829
63
64
32832
65
68
32836
69
32837
70
32839
73
74
76
77
78
32846
79
32847
32848
81
32850
85
86
88
89
91
92
32860
93
94
32862
97
32865
98
99
101
32869
32871
104
32872
32873
106
107
108
109
32877
110
32879
112
32880
113
114
115
116
117
32885
118
32887
121
122
123
124
125
32893
126
32894
127
32896
129
130
32898
131
32900
133
134
135
136
137
138
32906
139
32907
140
32908
142
143
32911
144
32912
145
32913
147
32915
148
150
151
32919
152
32920
153
156
157
158
159
32927
160
161
162
163
164
165
167
32935
32937
171
172
174
32942
175
176
177
178
183
184
186
188
32957
190
192
32960
32962
195
196
198
200
32968
202
204
205
206
207
32975
208
32976
209
210
211
212
214
215
32983
216
217
218
219
220
32989
222
223
224
32992
32993
227
32995
230
232
234
235
33003
236
237
238
33006
240
33008
242
245
246
249
250
251
252
33020
253
255
256
257
258
259
33027
260
261
262
263
264
265
266
33034
267
268
33037
270
273
275
276
279
280
281
283
285
286
288
33056
289
290
292
293
33061
33063
296
297
298
299
33068
33069
302
33070
304
33074
308
309
311
312
313
316
33085
318
33086
319
33087
320
322
33090
325
326
327
330
331
332
33100
333
335
336
337
339
340
33109
342
33110
343
345
346
33114
347
348
33118
351
352
353
354
355
356
358
33126
359
360
33128
361
33129
362
33131
364
33132
33134
367
33135
368
369
370
33139
372
373
374
33142
376
33144
379
381
382
33150
383
384
385
33153
386
387
388
389
391
392
33160
393
33161
395
396
398
400
401
403
404
405
406
33174
407
33176
410
411
412
413
33181
414
33183
416
417
418
419
420
421
422
423
33191
424
33193
427
428
429
432
33200
433
434
435
33204
437
438
439
440
442
443
444
446
33214
447
33216
33220
453
455
456
457
33225
458
459
462
463
33232
467
468
469
33237
471
472
474
33242
476
33244
477
33245
478
33246
481
482
483
484
486
487
33255
488
33256
489
490
491
33259
493
494
495
33265
498
33266
33269
503
508
33276
509
510
511
513
514
33282
33283
517
519
520
521
523
524
526
33294
527
33295
528
33296
529
33297
530
531
33300
534
535
536
537
539
540
542
543
33313
546
33315
550
551
33321
554
33322
555
556
557
558
33326
562
563
564
33334
569
570
571
573
574
576
33344
577
578
33347
580
581
33351
585
587
33356
590
592
593
594
33362
595
33363
596
598
599
600
601
603
604
606
608
609
611
33379
612
613
33381
615
33383
33384
617
618
33386
620
622
623
624
625
626
627
33395
628
33396
629
630
632
634
33402
637
639
641
33409
642
646
33414
647
648
649
650
33418
651
652
653
655
656
657
658
33427
660
33430
663
665
667
669
670
672
673
33441
33442
675
677
33445
680
681
682
683
33451
684
685
686
33454
687
688
690
691
692
33460
33461
695
696
697
698
33466
699
33467
33468
701
33471
704
705
706
709
711
712
713
714
715
716
718
720
33488
721
722
33490
723
725
33493
726
727
728
33496
729
731
732
733
734
735
736
737
33505
738
739
33508
33512
33513
747
748
749
750
751
33519
753
754
755
33523
756
33524
757
33525
33526
761
763
766
33535
770
33538
771
772
773
776
777
779
780
781
782
783
784
33552
785
33553
787
788
790
794
795
33564
797
798
799
800
802
803
804
805
806
33575
808
809
33578
813
815
816
817
33585
818
33586
33588
821
822
824
33592
825
33593
33596
829
831
834
33602
33603
836
837
33605
838
839
840
841
842
844
845
33614
847
849
851
852
854
33623
856
857
858
860
862
33630
864
865
866
868
870
33639
872
874
875
33643
878
879
881
33650
883
885
886
33654
887
888
889
33658
33659
892
893
33661
894
895
896
897
33665
898
33666
900
902
906
907
909
33677
910
911
913
33681
914
915
916
33684
917
918
919
920
921
923
926
33696
929
930
33698
931
933
934
935
938
33706
33707
941
33709
942
943
944
33712
945
33713
946
947
33716
950
33718
951
952
953
33721
954
956
957
958
959
33727
960
961
33729
33730
963
33732
965
33733
966
970
971
972
33740
973
974
975
976
33745
978
33746
979
33747
982
984
985
986
33754
987
988
33756
33757
990
991
992
33761
995
33763
997
33765
998
33766
999
1000
33768
1001
33769
1002
1004
1005
1006
1007
1008
1013
1014
1016
1018
1020
33788
33789
1022
1024
1027
1028
1031
1032
33800
1033
1035
1036
1037
1039
1041
33812
1046
1047
33815
1048
1049
1050
1051
33819
1052
33821
1055
33824
1058
1059
1060
1061
1063
1065
1066
1067
1068
33836
1070
33838
1072
1076
33844
1077
33845
1078
33846
1080
33848
1081
33849
1082
33850
1083
1084
1085
33853
1086
1087
1088
1089
1090
1091
1092
33860
1094
33862
1095
1096
1097
1098
1103
33873
1106
1107
1109
33877
1111
1113
1114
1116
1117
1118
1119
1120
1121
33889
1122
1123
33891
33892
1126
1127
1129
1130
1131
1133
33901
1135
33903
1136
1137
1138
1139
1140
1143
1145
1146
33914
1150
1151
1152
1153
33922
1155
33923
1156
33924
1157
1158
33926
1159
1160
1161
1162
33930
1163
33931
1164
1165
33934
1167
1169
33937
1170
1171
1172
1174
1175
1178
1180
1181
1182
1183
33952
1185
1186
33954
1188
1189
1191
1192
33960
33961
1194
1195
1196
1200
1202
1203
1204
33973
1206
33976
33977
1210
1213
33981
1214
1215
1216
33984
1218
33986
1219
1220
33988
1221
33990
1223
1225
1227
1228
1230
33998
1231
1232
1233
1234
1235
34003
1238
1240
34008
34009
1242
1243
34013
1246
1247
1248
34016
1251
1252
1253
1254
1255
1256
34024
34026
1259
1260
1261
1264
34032
1265
1268
34036
1269
34037
1270
34038
1272
34040
34042
1276
34044
1278
34046
1279
1280
1281
1282
34050
1283
34051
1284
1285
1286
1287
1288
34056
1289
1291
1292
1293
34061
1294
1295
1296
1298
1299
1301
1303
34071
1304
1305
34073
1308
1309
34077
1314
1318
1319
34087
1320
34088
1321
1322
1324
1326
34094
1328
1329
1330
1331
1333
34102
34103
1336
1337
1338
1340
1341
34109
1342
1343
34111
1346
1347
1349
1350
1352
1353
1355
1356
1357
1358
1359
1360
34128
1361
1362
1363
34132
1365
1367
1369
34137
1371
1374
1375
1376
1378
34146
1380
34148
1381
1383
1385
1386
34154
1387
1388
1389
1391
1392
1394
34162
34164
1398
1399
34167
1401
34169
1402
1403
34171
1404
1405
34173
1406
1407
1408
34176
1409
34178
1411
1412
1413
1414
34183
1416
1417
1418
1419
34187
1420
1421
1422
34190
34191
1424
1425
34193
34195
1428
34197
1430
1431
34199
1432
1434
1435
1437
1441
1442
1443
1444
1445
1446
34215
34216
1450
1451
1453
1455
1456
34224
1457
1458
1459
34227
1460
1461
1464
1465
34233
1466
1467
34235
1468
1470
1471
1472
1476
1477
1478
1479
1480
34248
1481
1483
1484
1487
1488
34258
1491
1493
1494
34264
1499
1500
1501
1502
1504
1505
34274
1508
1509
1510
34280
1513
1514
34282
1515
1516
1517
34285
1518
1519
1521
34289
1524
1525
34293
1526
1527
1528
34296
1529
34297
1530
34298
34299
1533
34301
1534
1535
34303
1536
1537
1538
1540
34310
1543
34311
34312
1546
1547
1548
34316
1549
1550
34318
1552
34320
1553
34321
1554
1556
1557
34325
1560
1561
34329
34330
1565
1567
1568
1569
34337
1570
34338
1571
1572
1573
1574
1575
1578
1579
1581
1582
1583
34351
1584
1585
1587
1589
1590
34358
1591
1592
1593
34361
1594
1596
34364
1599
1600
1602
1604
1605
1606
1608
1610
34378
34379
1612
1614
1615
34383
1616
1617
34385
1619
1620
1621
1622
1624
1625
34393
1627
1629
1630
1631
34399
1632
1633
34401
1634
34402
1637
1638
34406
1639
34407
1640
1641
1643
1644
1645
1647
1648
1649
34417
1650
1651
34419
34421
1654
1655
1656
1657
1658
34427
1660
34428
1661
1662
1663
1666
1667
1668
1669
1674
1675
34443
1676
1678
1679
1680
34448
1682
1685
1686
1687
1689
1691
1692
1693
1694
1695
1696
1697
1698
34467
1700
1701
1702
34470
1703
1704
1705
1706
1708
1710
1711
1712
1717
1718
34486
1719
34487
34489
1722
1724
1725
1726
1727
34495
1728
1729
1730
1731
1733
34502
1736
1737
1739
1740
34508
1741
1743
34511
1745
1746
1747
1748
1749
34518
1752
1753
1754
34522
1755
1757
34526
1759
1760
34528
1761
34529
1762
34530
1763
1764
1765
1766
1770
1771
1773
34541
1774
34542
1775
1776
1778
34546
1779
1781
34549
34550
1783
34551
1784
1786
34556
1789
1790
1791
1792
1794
34562
1795
34563
1796
1798
1799
1800
34568
34569
1802
1803
1805
1806
1807
34575
1808
1811
1812
1815
1817
1818
1819
34587
1821
1823
34591
1824
34592
1825
34594
1828
1829
1831
1832
1834
34602
34603
1838
1839
1840
34608
1842
34610
1843
34611
1844
1845
1847
1848
34617
1850
1851
1852
34620
1853
1854
1855
1858
1859
1862
1863
1864
1865
34633
1866
1867
34635
1869
1870
1871
34639
1872
1873
1875
1876
1877
1879
1881
1882
34650
1885
34654
1890
34659
1893
1894
1895
1896
1898
34666
1899
1902
1904
1906
1907
1909
1910
1911
1913
1914
1915
1917
34685
1918
1919
1921
1923
1924
34692
34693
1926
34694
1928
1929
34697
1930
1931
1932
34700
1933
1934
1935
1936
34704
1938
1939
1940
34709
1942
34710
34711
1944
1945
1946
1948
1949
34717
1951
1952
1953
1954
1955
1956
1957
1958
1959
1960
1961
1962
1963
1964
1965
1966
34734
1967
1968
34736
1970
1971
1973
1974
34742
1978
1980
1981
1982
34751
1985
1986
1987
1989
1990
1991
34759
1992
1994
1995
34764
1997
1998
2000
2001
2003
2004
34773
34774
34775
2008
2009
2010
2011
2013
34781
34782
2015
2016
2017
2018
2019
2020
2021
2022
2023
2024
2025
2028
34797
2030
2031
2032
2033
34802
2035
34803
2036
2038
2040
2041
34809
2043
2045
2046
2047
2051
34820
2055
2056
2057
2058
2059
34828
34830
2064
2065
2066
2067
2068
2069
34837
34838
2071
2073
2075
2076
2078
2079
2081
2085
2087
34855
2089
2090
2092
2093
2094
2095
2096
34864
2097
2098
2099
2100
2101
2103
34871
34872
2107
2111
2112
2113
2114
2116
2118
2119
2121
34889
2122
2123
2124
2125
2126
2128
2129
2130
34900
2133
2134
34903
2136
2138
2139
2140
34910
2143
34911
2144
34912
2146
2147
34916
2149
2150
2151
2154
2155
2156
2157
2158
2159
2160
2162
34930
2163
2164
2165
2166
34934
2168
2169
34937
2170
2171
2172
2173
34943
2176
34944
2177
2178
2182
2183
2184
34952
2185
34954
2188
2189
2191
2192
2194
2195
34965
2198
34966
2199
34967
2200
2204
2205
2207
34976
2209
34977
2210
2211
2212
2213
2214
34982
2215
2216
2217
2218
2219
34987
2221
2223
2224
34992
2227
2229
34999
2232
35000
2233
2236
2237
2239
35007
2240
35009
2243
35012
2245
2246
2249
35017
35018
2251
2252
2253
35022
2255
2256
35024
2257
35025
2258
35027
2261
35029
35030
35031
2264
2267
2268
2269
2270
2271
35040
35042
2277
35045
2278
2279
2280
2281
2282
2283
2285
2286
2287
35055
2289
2290
2291
2292
35060
2293
2294
2295
35063
2296
2298
2299
2300
2302
35070
2304
2305
2306
2307
35076
2309
2310
2311
2312
2313
2315
2316
2317
2318
2320
2321
35089
2322
2323
35091
2324
2325
35093
2326
2327
2328
2329
35098
35099
2333
2334
2335
2336
2339
35107
2341
35110
2343
2344
2346
2348
2351
2353
2354
35123
2356
2357
2360
35128
2361
2362
35130
2363
2365
2368
2369
35137
35138
2373
2375
2376
2378
2379
35149
2382
2383
2385
2386
2387
35155
2388
2389
2391
35159
2393
2394
2396
2397
35166
2399
2400
2401
2403
2404
2405
2406
2407
35176
2409
35177
2410
2411
2412
2413
2414
2415
2416
35185
2418
35186
2420
2421
2423
35191
2424
2425
2427
2430
2431
35199
2432
2433
2435
2436
2438
35206
2439
35208
2441
2442
2443
2444
35213
2446
2447
2449
2451
2452
2454
2455
2456
2457
35225
2458
35226
2459
2460
2461
2462
35230
2463
2464
35232
35233
2467
35235
2469
2470
2471
35239
2472
2474
2478
2479
2480
35248
2482
35250
2483
35252
2485
35253
2487
35255
2488
2489
35257
2490
35258
2491
2492
2493
2495
2496
35264
2497
2498
2499
35268
2501
35269
2502
2503
2504
2505
2507
2508
2511
35279
2512
2513
2514
2515
2516
2517
2518
2519
2520
2521
35289
35290
2523
2524
2525
35294
2527
35295
2528
35296
2530
2531
2532
2534
2536
2537
35305
2538
2539
35307
2542
2543
2544
2545
35313
2546
2547
2549
2550
35318
35319
2552
2553
35321
2554
35322
2556
2557
2559
2560
2561
35329
2562
35330
35331
2565
2567
35335
2569
2571
35339
35341
2574
2575
2576
2577
2578
35346
2580
2581
35350
2583
35351
35352
2585
2586
35354
2587
2588
35356
2589
2591
2592
35360
2593
2594
35362
2596
2597
35365
2598
2599
35368
2602
2603
2604
35373
2606
2607
2609
35377
2610
2611
2612
2613
2614
2615
2616
2617
2618
35386
2619
2621
2623
35391
2625
2626
35394
2628
35396
2631
2632
2633
2634
35402
2637
2640
2641
2642
2643
2644
35412
2645
2646
2647
2650
35420
2654
2655
2657
2658
2659
2660
2661
2662
35430
2663
2664
2665
2666
2668
2669
2670
2671
2672
35440
35441
2674
2676
2677
2681
2682
2683
35451
2684
35452
2685
2686
2687
2688
2689
35457
2690
35458
2691
2692
2694
35462
2696
2697
35465
2698
2699
35467
2700
2702
2703
2704
35473
2706
2707
2708
2709
35478
2711
2712
2713
2714
35483
2716
2717
2718
2719
35487
2720
2722
2725
35493
2726
2730
2731
35501
2734
35502
2737
2738
2739
2740
2741
35511
2745
2746
2747
2748
2749
2750
2752
35520
2753
2754
2756
2757
2758
2760
2761
2762
2764
2765
2766
35534
2767
35535
2768
2769
2770
35539
2773
2774
35544
2777
2778
2779
2782
2783
2784
35552
2785
2786
2788
2789
2791
2792
2793
2794
2795
2796
2797
2798
2800
35568
2801
2802
2803
2805
35573
2806
2807
2808
2809
35577
2810
2811
2812
35582
2817
2818
2822
35590
2823
2824
2825
2826
2830
2832
35600
2833
2834
2835
2836
2840
2842
2843
2844
35612
2847
2848
2849
35617
2850
2851
2852
2853
2854
2855
2856
35624
2857
2860
2861
35629
35631
2865
2867
2868
2869
35637
2870
2872
2873
35641
2874
2875
35643
2876
35644
35645
2878
2881
2882
35650
2883
2884
2885
2888
2889
35658
2891
2892
2893
2894
35662
2895
2897
2899
35667
2900
2901
2902
2904
2905
2906
35674
35675
2908
2909
2911
35681
2914
35682
2915
2918
2919
2920
2921
2922
2923
2924
2925
2926
2927
2928
2929
2931
2932
2933
2934
2936
2937
2938
35707
2942
35710
2943
35711
2944
2945
2946
2947
35715
2948
35716
2949
2952
2955
2956
35725
2958
2959
2962
2963
2964
35732
2965
35734
2969
35739
2972
2974
2975
2976
35745
2978
35746
2979
2980
2981
2982
2983
35751
2984
35752
2986
2987
35755
2988
2989
35757
2990
35759
2992
35760
35761
2994
2995
2997
35766
2999
3000
3001
3002
3004
3007
3008
3009
3011
3013
35781
35782
35783
3016
3017
3018
3019
3020
35788
35791
35792
3025
35793
3026
3029
3030
35798
3032
3033
3034
35802
3036
3037
3041
35809
3044
3045
35814
3047
3048
35816
35817
35818
3051
35819
3054
3055
3056
3057
3058
35828
3061
35830
3063
3064
3065
3067
3068
3069
35837
3070
3071
3072
3073
3074
3076
3077
35845
3079
3080
35848
3081
3083
3084
35852
3086
3087
3089
35857
3090
3091
35859
3092
3093
3094
35863
3096
3098
3099
35867
3100
3101
35872
3105
3106
3107
3109
3110
3111
35879
3112
3114
3115
35883
3117
35885
3118
3119
3120
35888
3121
3123
3124
35892
3126
3127
3128
3129
35897
3131
35899
3133
3134
3135
35903
35904
3137
3138
3142
3143
3145
3146
3148
3149
3150
3151
35920
3153
3154
3155
3156
3157
3158
35928
3163
35931
3164
3165
35933
3166
3167
35935
3169
35937
3171
3173
3175
35943
3176
3177
3178
3179
3180
3181
3183
3185
3186
3187
3188
3189
3190
35958
35960
3193
35961
35962
3195
3198
3199
3200
3202
35970
3203
3205
35973
3207
3208
3209
3211
3213
3214
3216
3217
35985
3219
3220
35988
3221
35989
3223
35991
3224
3226
3227
3228
3229
3231
35999
3232
3233
3234
3235
3236
36004
3237
3238
3243
36013
3246
3248
3250
36019
3252
36020
3253
3254
3256
3257
3258
36026
3259
3260
36028
3262
3263
3264
36032
3265
3267
3268
3269
3270
3272
3273
36041
3274
3275
3278
36046
3280
3283
3284
3285
3286
3287
3288
36056
3289
3290
36059
3292
3293
3294
36062
3295
3296
3297
36065
3299
3300
36068
3301
3302
3303
3305
3306
3307
36075
3308
3309
3310
36078
3311
3312
3315
36083
3316
3319
3322
3324
3325
3326
36094
36095
3328
3329
3331
36100
3333
3335
36103
3336
3337
3341
3342
3344
3345
3346
36115
3348
3349
3350
3351
36121
3354
36122
3355
3356
36124
3358
3359
3362
36130
36131
3364
36132
3369
3371
3372
3373
3374
36143
3376
3377
3378
3380
3382
3384
36154
3387
3388
3389
36158
3391
36159
3392
3393
36162
3396
3397
36165
3398
3403
36171
3404
36173
3407
36175
3409
3412
36180
3413
3414
3415
36183
3417
3418
3420
3421
3423
3425
3426
3427
3428
3429
3431
3432
3433
36201
3435
3436
36205
3438
3439
36207
3440
3441
3443
36211
36212
36214
3447
3448
3449
36217
3450
3451
36219
3452
36220
3453
3454
3455
3456
3457
3458
3459
3460
36228
3461
3462
36230
3463
3464
3465
3468
3469
3470
36238
3471
3472
36240
3473
3475
3476
3477
36245
3479
3480
3482
36250
3483
3484
36253
36254
3487
3488
3489
3490
36259
36261
3494
3495
3496
3497
3499
3501
3502
36270
3503
3504
3505
3506
3507
3508
36276
3509
3510
36279
36280
3514
36283
3516
36284
3517
3518
36286
3519
3520
3522
3523
3524
3525
3526
3527
3528
36296
3531
3532
36302
3537
3539
3540
36308
3541
36309
3542
3544
3548
3550
3551
3552
3553
36321
36322
3559
3562
3565
3566
3567
36335
3568
3571
3574
3575
3576
36344
3578
3579
3580
3581
36351
3584
36352
3585
36353
3586
3587
3588
36356
3589
3590
36358
3591
3592
3594
3596
3598
3599
36367
3600
3601
3602
3604
3605
3606
3607
3608
36377
3610
36379
3612
3613
36383
3616
3617
36385
3618
3619
36387
3620
3621
3623
3624
36392
3625
36393
3626
3628
36396
3629
36398
3631
3632
3633
36401
3635
3636
3637
3638
3639
3640
36408
3641
36409
3642
36410
3643
3645
3646
3647
3648
3649
3650
3651
3652
3653
36421
3655
3656
3657
3658
3659
36428
3661
3662
3663
3664
36434
3668
3669
3670
3671
36439
3672
3673
3674
3675
36443
3676
36444
3677
36445
3678
3679
3680
3681
36449
3683
36451
3685
3687
36455
3688
36457
36459
3692
3693
3694
3697
3699
3701
3703
36472
3705
3707
3708
3709
3710
3711
3712
3713
36481
3714
3716
36485
3719
36487
3721
36489
3723
3724
36493
3727
3728
3729
3730
36498
36499
3733
36502
36503
3736
3737
36506
3739
3741
3742
36510
3743
36511
3744
36512
3746
36514
3747
3748
3749
3750
3751
36519
3752
36520
3753
36521
36522
3756
36524
3757
3758
3759
3760
3761
3763
3765
36534
3767
3769
36537
3770
36538
3771
3772
36540
3773
3774
3775
3776
3777
3778
3779
3780
36548
3781
3782
3783
36551
3784
3785
3786
3787
3789
3790
36558
3791
36561
3795
3796
3798
3799
3800
36570
3805
36578
3812
3813
3814
36582
36583
3816
36586
3819
3820
3821
3822
36592
3825
3826
36594
3827
3828
3829
36597
3833
36601
3834
36602
3839
3840
3841
36609
3842
3843
3844
3845
3847
36615
3848
3850
3852
3856
3857
3859
36627
3860
3862
36630
36631
3864
36632
3865
36633
3866
36634
3867
36635
3869
3870
3871
3872
36640
3874
3875
36643
3876
36644
3877
3879
3880
3881
3882
3883
3886
36654
3887
3888
3889
3890
3891
3892
3893
3894
3899
36667
3900
3901
36669
3902
3903
3905
3906
36676
36677
3911
36679
3912
3914
36682
3915
3916
3917
3918
3919
3920
36688
3921
36689
3922
36690
3923
3924
3925
36693
3926
3927
3929
3931
3932
3933
3934
3936
36705
3939
36707
36708
36709
3942
3943
3944
36712
3947
3948
3949
3950
3952
3953
36721
3954
3955
36723
3956
3958
36727
3961
3962
3963
3964
3965
36733
3966
3967
3969
3972
36740
3973
3974
3975
3976
3977
3978
3979
3983
36751
3984
36752
3986
3987
3988
36756
36758
3991
36759
3992
3993
3994
3996
36764
3997
36765
3998
3999
36767
4000
4001
36771
4004
4006
4007
36776
4009
4011
4012
4013
4014
4015
4017
36785
4019
4020
4021
36789
4022
4023
4024
4025
4026
4030
4031
4033
36801
4034
4035
4037
4038
4039
4040
4041
4043
36811
4044
4046
4047
4049
36817
4053
4055
4056
4057
4059
4060
4061
36829
4062
4063
4065
4067
4068
4069
36837
4070
4071
4072
4073
4074
4075
4077
4078
36846
36847
4080
4081
4082
4084
4086
4087
36855
4089
36857
4090
4091
36859
36860
4093
4094
36864
4098
4099
36867
36870
4103
4104
4108
4109
36877
4110
4111
4112
36880
4114
4115
36884
36885
4118
36886
4119
36888
4121
36889
4122
4125
4126
36895
4129
4133
4134
4135
4136
4138
4139
4140
36908
4141
4143
4144
4145
36913
4146
4147
4148
4149
4150
4155
4157
4160
4162
36930
4163
36931
4165
4166
36934
4167
4169
36937
4170
36938
4171
4172
4174
36947
4181
4182
4183
36951
4184
36952
4185
4186
36954
36955
4188
36957
4190
4192
4193
36961
4195
4196
4197
36965
4198
4199
4200
4202
4203
4204
4205
4206
4207
4208
4209
4210
4211
36980
4213
4214
4215
4216
4217
4218
4220
4221
36989
4222
4223
4224
4225
4226
36995
4228
36996
4229
4230
4232
37000
37001
4235
4236
4237
4240
37008
4242
4244
4245
4246
4248
4249
4250
4252
4253
37021
4255
4256
4258
4259
37027
4260
4261
4262
4264
4267
4268
4269
4270
37038
4271
4272
37040
4274
4276
4277
37045
4278
4280
4281
4282
4283
37051
4286
4287
4288
4289
4290
4291
37059
4292
4295
37063
4296
4297
4298
37066
4299
4300
4301
4302
4304
37073
4307
4308
4310
4311
37079
4312
4315
4316
4317
37085
4318
37086
4319
37088
4321
37089
4323
37091
4324
4325
4327
4328
4329
4332
37100
4333
4334
37102
4335
4337
4339
37108
4341
4342
4343
4344
4345
37114
4347
4348
37116
4352
37120
4353
37121
4354
4355
4356
37124
4357
4360
4362
4363
37131
4364
4365
4366
4367
4370
37138
4371
37139
4372
4373
4374
4375
4377
4378
4379
37147
4381
4382
4383
4384
37152
4385
4386
4387
4388
4389
37157
4390
4391
37160
4393
4394
4395
37163
4396
4398
37167
4400
4401
4403
4404
37172
4405
37174
4407
4408
37176
4410
4411
4412
37180
37181
37182
4415
4416
4417
4418
4419
4420
4424
4425
37194
4427
4428
4429
37197
4430
4431
4433
4434
4435
4436
4437
4439
37207
4440
4441
4442
4443
4444
4445
37214
4448
4450
37218
4452
4453
4454
4455
4456
37224
4458
4459
4460
4461
4463
4464
37232
4465
37233
4466
4468
37237
4470
37238
4471
4472
4473
4474
4475
4476
4477
4478
4479
37247
4482
4483
4484
37252
4485
4486
4489
4491
4492
37261
4494
37262
4495
4497
37266
4499
37267
4501
4502
37270
4503
37272
4505
4506
37275
4508
4509
4510
37278
4511
37279
4512
4513
37282
4515
4517
4518
4519
37287
4520
4521
4523
4525
4526
4527
4528
4530
4531
4533
4534
4536
4537
4539
37307
4540
4542
4543
4544
4546
4548
37316
4549
4550
4551
4552
4554
4556
4558
4560
37328
4561
4562
4564
4566
4567
4568
4572
4573
37341
4574
37344
4578
4579
4580
4581
4582
4583
4584
4585
4586
4588
4589
4590
4592
4593
4594
4596
37364
4597
4599
37367
4600
37369
4602
37370
4603
4604
4605
4606
4607
4608
4609
4612
4615
37383
4616
4617
37385
4618
4619
37387
4620
4623
4624
4625
4626
4627
4628
4629
4630
4631
37399
4632
37400
4633
4634
4635
4636
4637
4638
4639
4640
4641
4642
4643
4645
4646
4648
4650
4651
37419
37420
4653
4655
4657
37426
4659
4660
4661
4662
4664
4665
37433
37434
4667
37435
4668
37436
4670
4671
4673
37441
37442
4677
37445
4679
4681
4682
4685
4686
4687
4688
4690
37458
4691
37460
4694
4695
4697
4698
4700
37468
4701
4703
4704
4705
37473
4706
4707
4710
4711
4712
4713
37481
4714
4715
4716
4717
4718
37486
4720
37488
37489
4722
4723
4724
4725
37494
4727
4728
4730
4731
4733
4734
37503
4737
37505
37506
4739
4740
4741
37511
4744
4746
4747
37516
4749
4750
4751
4753
4754
4757
4758
4759
4760
37528
4761
4762
4763
4764
37532
37534
4767
37535
4768
37536
37537
4771
4772
4773
37541
4774
4775
37543
4776
4777
4778
4779
4780
4781
37549
4782
4783
4784
37552
4787
4788
4790
37558
4791
4793
4794
4795
37564
4797
4798
4799
4802
4803
4805
4806
4807
4808
37576
4809
4810
4811
4812
37580
4814
4815
37583
4816
37584
4817
4818
4819
4820
37588
4821
37589
4822
4823
4824
4825
4826
4827
4828
4829
4830
37598
4831
37599
4832
4833
4834
4835
37603
4836
4837
4839
4840
4841
4842
37610
4844
37612
4845
4846
4847
4848
37616
4850
4851
37619
4852
4853
37621
4854
4855
4856
4858
37626
4859
37627
37628
4861
37629
4863
4868
4871
4872
4873
4874
4875
4876
37644
4877
4879
4880
4882
4884
4885
4886
37654
4888
4889
4890
4891
37660
4893
4894
4895
4896
4897
37665
4898
4900
4901
4902
4903
4904
37672
4905
4906
37674
4907
37675
4909
37677
4911
37679
4912
4913
37681
4915
4917
37685
4918
4921
4922
4923
4925
4927
4928
4929
4930
37698
4931
4932
37700
37701
4934
4936
4937
4938
4939
4941
37709
4942
4943
37711
4946
4947
37717
4951
37719
37721
4954
4956
37724
4957
37725
37727
4960
4961
37729
4962
4964
4965
4966
4967
4968
4969
4971
37741
4974
4975
37743
4976
4977
37745
4979
4980
37748
37749
4983
4984
4986
4987
4988
4989
4990
4991
4992
4994
4996
4998
37766
4999
5000
5002
5004
37772
5005
5008
37777
5010
5011
37779
5012
5015
5016
37784
5017
37785
5018
37786
37790
5024
37793
5027
5028
5029
5030
5031
37801
5034
37802
5035
37803
37804
5037
37806
5039
5040
5042
5043
5044
5046
37814
5047
37815
5048
5049
5050
37818
5051
5053
37822
5055
37824
5057
5058
5061
37829
5062
37830
37831
37832
5065
5066
5067
37835
37836
5069
37837
5071
5073
37841
5074
37842
37845
5078
37846
5080
5081
37851
5086
5087
5088
5089
5090
37858
5091
37859
5092
5093
5094
5095
5096
5097
37865
37866
5100
37868
5101
5103
5104
5105
37873
5106
37874
5108
5109
5110
37879
37880
5113
37882
5115
5117
37885
5118
5119
5120
5121
37889
5122
5123
5124
5125
5127
37896
5129
5130
5131
5133
37901
5135
5136
37904
5138
5139
5143
37911
5144
5146
5149
37917
37919
5152
5153
5156
5157
37925
5158
5159
37927
5160
5161
5162
37930
5163
5164
5165
37933
5166
37934
5167
5168
5169
37937
5171
37939
5172
5173
37941
5175
5176
5177
37947
5181
5182
5183
5184
5185
5187
5188
5189
5191
5192
5194
5195
5198
5199
37967
37968
5203
37971
5206
5207
5208
5209
37978
5211
5212
5214
5215
37983
5217
5219
5220
5221
37989
37990
5223
5224
5226
37995
5230
5231
38000
5233
5235
5236
5238
5239
5240
38009
38010
5244
38012
5245
38013
5246
5247
38016
38017
5250
5252
5253
5256
5257
5260
5262
5263
5265
38033
38034
5267
38037
5272
5273
38041
38042
5275
38043
5276
5277
38045
5279
5280
38048
5283
5286
5287
5288
5289
38057
5290
38058
5291
38059
5293
5294
5296
5298
5299
5301
5305
5306
5309
38077
5310
5312
38080
5313
5314
5316
5317
5318
5320
5321
5322
5324
38092
5327
5328
5329
5330
5332
38100
5333
38101
5334
38102
5337
5340
5341
38109
38110
5343
5344
38113
5346
5347
38116
5350
5352
5353
5354
5355
38124
5357
5358
5359
5360
5362
38131
38132
5365
5366
5367
5369
5372
38140
5373
5374
5375
5376
5378
5380
5381
5382
38150
5383
5384
5385
5386
5387
5388
5391
38159
5392
5393
38161
5396
38166
5399
5401
38169
5403
38172
5405
38174
5407
5408
5409
5410
38178
5411
5412
5413
5414
5415
5416
38184
5417
5418
5419
38187
5420
5421
38189
5422
5424
38192
5425
5427
5428
5429
5431
5432
5433
5434
5435
5436
5437
5438
38206
5439
38207
5441
5443
5444
5446
5447
5448
5449
5450
5451
5454
5455
5456
5457
5458
5459
5460
5462
5463
5464
5465
5466
5467
5468
5469
5470
5471
5472
5474
5476
5478
5479
5480
5481
5482
5484
5486
5487
5489
5490
5491
5493
5494
5495
5496
5498
5501
5502
5503
5504
5505
5506
5507
5508
5509
5511
5512
5513
5514
5515
5516
5518
5519
5520
5524
5525
5526
5527
5528
5533
5534
5535
5537
5538
5539
5540
5541
5542
5543
5545
5546
5548
5549
5550
5551
5553
5554
5555
5556
5557
5558
5560
5564
5565
5567
5569
5572
5573
5574
5576
5577
5578
5579
5581
5583
5584
5585
5586
5587
5588
5589
5590
5591
5592
5595
5597
5602
5604
5607
5610
5611
5612
5613
5614
5617
5618
5620
5621
5622
5623
5626
5627
5629
5630
5631
5632
5633
5634
5635
5636
5637
5639
5640
5641
5642
5643
5644
5645
5646
5647
5648
5649
5650
5651
5652
5653
5654
5655
5656
5657
5658
5659
5660
5661
5662
5664
5667
5669
5670
5674
5675
5676
5678
5679
5682
5683
5685
5686
5687
5688
5690
5691
5692
5693
5695
5697
5698
5700
5701
5702
5703
5705
5707
5708
5709
5710
5712
5713
5715
5718
5719
5720
5727
5728
5730
5731
5732
5733
5734
5735
5736
5737
5738
5739
5740
5741
5742
5746
5750
5753
5754
5755
5757
5758
5762
5763
5764
5765
5766
5767
5768
5769
5770
5772
5773
5775
5776
5777
5779
5780
5781
5782
5783
5784
5785
5786
5787
5788
5789
5791
5793
5795
5796
5797
5798
5799
5802
5803
5804
5805
5806
5807
5808
5809
5810
5812
5813
5814
5815
5816
5817
5818
5820
5821
5822
5823
5824
5826
5828
5829
5830
5832
5834
5835
5836
5839
5840
5841
5842
5845
5846
5849
5850
5851
5852
5853
5854
5855
5857
5858
5859
5860
5861
5862
5863
5864
5865
5868
5870
5871
5872
5874
5875
5877
5878
5879
5881
5882
5883
5885
5887
5888
5889
5891
5892
5893
5894
5895
5896
5898
5899
5900
5901
5902
5905
5906
5907
5909
5910
5913
5914
5920
5921
5922
5926
5927
5928
5929
5931
5935
5936
5937
5938
5939
5941
5942
5943
5944
5945
5946
5947
5948
5950
5952
5953
5954
5955
5957
5958
5959
5960
5961
5963
5964
5965
5968
5969
5970
5971
5972
5973
5974
5977
5978
5981
5984
5985
5986
5988
5990
5992
5993
5995
5997
5998
6000
6001
6002
6003
6004
6005
6006
6009
6010
6011
6012
6013
6014
6015
6016
6017
6019
6020
6022
6027
6028
6030
6031
6032
6033
6034
6037
6039
6040
6043
6045
6047
6051
6052
6053
6054
6055
6056
6057
6059
6060
6062
6063
6064
6065
6066
6067
6069
6070
6073
6074
6075
6077
6080
6081
6082
6083
6084
6086
6087
6088
6092
6093
6094
6095
6096
6098
6101
6102
6104
6105
6107
6108
6109
6110
6111
6112
6113
6114
6115
6116
6118
6119
6120
6123
6125
6129
6130
6131
6133
6134
6136
6137
6138
6140
6141
6142
6145
6146
6147
6150
6151
6153
6156
6159
6160
6161
6162
6167
6170
6171
6174
6175
6176
6177
6179
6181
6182
6183
6184
6185
6186
6191
6193
6194
6196
6197
6199
6201
6202
6204
6206
6208
6210
6211
6212
6216
6217
6218
6219
6220
6221
6223
6225
6226
6227
6229
6230
6235
6237
6239
6241
6244
6245
6246
6247
6250
6251
6252
6253
6254
6257
6258
6259
6260
6261
6262
6263
6264
6267
6269
6270
6271
6273
6274
6275
6277
6279
6280
6281
6282
6283
6284
6285
6286
6288
6289
6291
6292
6294
6296
6298
6300
6302
6303
6304
6305
6306
6307
6309
6311
6313
6314
6315
6316
6317
6318
6319
6321
6322
6323
6324
6325
6327
6328
6329
6330
6331
6334
6335
6336
6337
6338
6340
6341
6342
6343
6345
6347
6349
6350
6352
6354
6355
6358
6361
6362
6364
6365
6366
6367
6368
6369
6371
6372
6373
6374
6375
6376
6377
6378
6379
6381
6382
6383
6384
6385
6386
6388
6389
6390
6392
6393
6394
6396
6397
6398
6399
6400
6402
6403
6404
6405
6406
6407
6408
6409
6410
6414
6415
6417
6418
6419
6420
6421
6422
6426
6427
6429
6430
6431
6432
6433
6435
6436
6437
6439
6441
6443
6444
6445
6446
6447
6450
6451
6452
6453
6454
6455
6456
6458
6460
6462
6463
6465
6466
6468
6469
6470
6471
6472
6473
6474
6475
6477
6478
6479
6480
6481
6483
6484
6485
6486
6487
6491
6492
6493
6495
6497
6501
6503
6504
6505
6506
6507
6508
6510
6511
6512
6513
6514
6515
6517
6518
6520
6522
6523
6525
6526
6527
6528
6529
6531
6532
6533
6534
6535
6537
6538
6539
6541
6543
6546
6547
6548
6549
6552
6553
6554
6555
6558
6559
6560
6562
6563
6567
6568
6569
6572
6574
6576
6577
6580
6581
6585
6587
6588
6589
6591
6592
6593
6594
6596
6597
6601
6603
6604
6606
6607
6608
6610
6611
6612
6614
6615
6616
6617
6618
6619
6620
6623
6624
6626
6627
6628
6629
6630
6631
6632
6633
6634
6635
6636
6638
6639
6640
6642
6643
6644
6645
6646
6649
6650
6651
6652
6657
6658
6660
6661
6662
6663
6665
6668
6669
6670
6671
6672
6676
6677
6678
6679
6680
6683
6688
6689
6690
6692
6693
6694
6695
6696
6697
6698
6703
6704
6705
6706
6710
6711
6712
6714
6716
6717
6719
6720
6721
6722
6723
6724
6725
6726
6727
6729
6731
6733
6735
6737
6738
6740
6743
6744
6745
6747
6749
6750
6753
6760
6761
6762
6763
6764
6765
6768
6770
6771
6772
6773
6774
6775
6776
6779
6780
6781
6782
6784
6785
6788
6789
6793
6794
6795
6797
6800
6801
6803
6804
6806
6807
6810
6811
6812
6813
6814
6815
6816
6817
6818
6820
6821
6822
6824
6826
6827
6829
6831
6832
6834
6836
6837
6839
6840
6841
6842
6844
6846
6848
6849
6850
6851
6853
6855
6859
6860
6861
6862
6863
6865
6866
6867
6868
6869
6871
6872
6873
6877
6879
6880
6881
6883
6884
6885
6886
6889
6890
6891
6892
6893
6895
6896
6899
6900
6901
6902
6903
6904
6907
6908
6909
6910
6911
6912
6913
6915
6916
6918
6919
6920
6921
6922
6923
6925
6926
6927
6931
6932
6933
6934
6935
6936
6937
6938
6944
6945
6946
6950
6951
6952
6957
6958
6960
6961
6964
6965
6966
6967
6969
6970
6971
6972
6974
6975
6977
6978
6979
6980
6981
6982
6983
6984
6985
6986
6989
6990
6991
6992
6993
6994
6995
6996
6998
6999
7000
7001
7002
7003
7005
7006
7008
7009
7010
7011
7012
7013
7014
7017
7019
7021
7022
7023
7024
7025
7026
7028
7029
7030
7031
7032
7034
7035
7036
7039
7041
7042
7045
7046
7048
7050
7051
7052
7053
7055
7058
7059
7063
7064
7066
7067
7068
7069
7071
7072
7073
7074
7075
7077
7078
7079
7080
7082
7084
7085
7086
7087
7088
7090
7091
7093
7094
7095
7096
7097
7098
7100
7101
7102
7103
7106
7108
7109
7110
7111
7112
7114
7116
7117
7118
7119
7121
7123
7124
7126
7127
7128
7130
7131
7132
7133
7134
7135
7136
7137
7138
7139
7140
7141
7142
7143
7144
7145
7147
7149
7150
7151
7152
7153
7154
7156
7157
7158
7159
7161
7163
7164
7165
7167
7169
7172
7175
7176
7179
7181
7182
7184
7185
7186
7190
7191
7192
7195
7196
7198
7199
7200
7201
7202
7203
7204
7205
7206
7207
7208
7209
7211
7212
7213
7214
7215
7217
7218
7219
7220
7221
7223
7224
7226
7227
7228
7229
7230
7231
7233
7234
7236
7237
7238
7239
7240
7241
7242
7243
7244
7245
7246
7249
7250
7255
7256
7257
7258
7259
7260
7261
7263
7264
7265
7267
7272
7273
7274
7275
7277
7279
7280
7281
7282
7283
7284
7286
7289
7291
7292
7293
7294
7297
7298
7300
7301
7302
7303
7305
7306
7307
7309
7310
7312
7313
7314
7315
7316
7317
7318
7320
7321
7322
7324
7325
7326
7332
7333
7334
7340
7341
7343
7346
7348
7351
7352
7354
7355
7358
7360
7361
7362
7363
7364
7366
7367
7368
7370
7371
7372
7375
7376
7377
7378
7379
7380
7382
7383
7389
7392
7393
7394
7395
7396
7397
7398
7399
7401
7405
7406
7407
7408
7409
7410
7411
7412
7414
7415
7416
7417
7420
7425
7426
7428
7429
7430
7431
7432
7433
7434
7435
7436
7437
7438
7442
7443
7445
7447
7448
7449
7450
7452
7453
7454
7458
7459
7460
7461
7465
7466
7468
7470
7471
7473
7474
7476
7478
7479
7480
7481
7482
7483
7484
7485
7488
7489
7490
7491
7492
7496
7497
7499
7500
7502
7503
7505
7506
7509
7510
7511
7512
7513
7514
7517
7520
7521
7522
7524
7528
7529
7530
7531
7533
7534
7535
7536
7537
7538
7539
7540
7541
7543
7544
7546
7547
7548
7549
7551
7555
7558
7559
7561
7563
7564
7565
7566
7567
7569
7571
7572
7574
7575
7576
7578
7579
7580
7583
7584
7586
7587
7590
7591
7593
7594
7595
7596
7597
7598
7599
7600
7601
7604
7605
7606
7607
7610
7611
7612
7613
7614
7615
7616
7618
7620
7621
7623
7629
7632
7634
7636
7637
7638
7639
7641
7642
7643
7644
7645
7646
7647
7648
7649
7650
7651
7653
7654
7655
7657
7658
7659
7660
7662
7664
7667
7668
7670
7671
7672
7673
7674
7675
7676
7677
7678
7679
7681
7682
7684
7685
7686
7687
7688
7691
7692
7693
7694
7695
7696
7698
7702
7703
7707
7709
7711
7713
7716
7718
7719
7720
7721
7722
7723
7724
7726
7727
7730
7732
7734
7735
7740
7741
7743
7745
7746
7747
7749
7750
7751
7752
7754
7755
7756
7757
7758
7759
7762
7763
7765
7766
7767
7769
7770
7771
7772
7773
7774
7775
7776
7777
7778
7779
7781
7782
7783
7784
7787
7788
7791
7792
7793
7794
7796
7797
7798
7801
7802
7804
7805
7807
7808
7814
7815
7817
7819
7820
7821
7822
7823
7825
7827
7828
7830
7831
7832
7833
7834
7840
7841
7845
7846
7847
7849
7851
7852
7854
7855
7856
7857
7858
7859
7860
7863
7864
7865
7866
7868
7870
7871
7872
7874
7876
7879
7880
7882
7884
7887
7888
7889
7890
7891
7892
7893
7894
7896
7899
7900
7902
7903
7904
7905
7906
7908
7910
7912
7915
7916
7917
7919
7920
7923
7924
7926
7927
7928
7929
7930
7931
7933
7934
7935
7936
7938
7939
7940
7943
7944
7945
7949
7950
7951
7952
7953
7954
7956
7957
7960
7961
7962
7963
7964
7967
7972
7974
7975
7977
7981
7982
7983
7984
7986
7987
7988
7989
7991
7992
7993
7999
8000
8001
8002
8003
8004
8006
8007
8009
8011
8012
8014
8015
8017
8018
8019
8021
8023
8024
8025
8027
8028
8029
8030
8032
8033
8035
8037
8038
8039
8040
8043
8045
8047
8048
8050
8052
8053
8055
8056
8058
8059
8060
8062
8063
8064
8066
8067
8068
8070
8072
8074
8075
8076
8079
8081
8082
8083
8084
8085
8087
8088
8089
8091
8094
8096
8097
8098
8099
8103
8104
8105
8106
8107
8108
8109
8111
8112
8113
8114
8116
8117
8119
8120
8122
8125
8126
8129
8132
8133
8134
8135
8136
8138
8139
8140
8143
8146
8147
8148
8149
8150
8151
8153
8154
8155
8159
8163
8164
8166
8167
8169
8170
8171
8172
8173
8176
8177
8178
8179
8180
8181
8182
8183
8184
8185
8190
8192
8193
8194
8195
8196
8197
8199
8200
8206
8209
8212
8214
8215
8216
8217
8218
8220
8221
8223
8224
8225
8226
8227
8228
8229
8230
8231
8232
8233
8235
8236
8237
8238
8239
8240
8241
8242
8244
8245
8246
8248
8249
8250
8252
8253
8254
8257
8258
8260
8262
8263
8264
8265
8267
8268
8269
8270
8273
8274
8276
8277
8278
8279
8280
8281
8282
8284
8285
8287
8288
8289
8290
8291
8292
8293
8295
8297
8298
8299
8300
8301
8302
8303
8304
8306
8308
8309
8310
8311
8312
8313
8315
8317
8318
8319
8320
8321
8322
8323
8324
8325
8327
8328
8330
8331
8332
8333
8334
8335
8336
8337
8339
8342
8343
8344
8345
8347
8348
8350
8351
8354
8356
8357
8358
8359
8363
8365
8367
8368
8369
8370
8372
8374
8375
8377
8378
8379
8382
8384
8385
8386
8387
8388
8390
8391
8392
8393
8394
8396
8397
8398
8400
8404
8407
8408
8409
8410
8411
8412
8413
8414
8415
8416
8420
8422
8424
8425
8427
8428
8430
8432
8433
8434
8435
8436
8437
8438
8439
8441
8443
8445
8447
8448
8449
8450
8451
8454
8455
8457
8458
8461
8462
8463
8464
8465
8467
8468
8469
8470
8471
8472
8475
8477
8478
8479
8480
8481
8484
8485
8486
8487
8488
8490
8491
8492
8493
8494
8495
8496
8497
8500
8501
8503
8504
8505
8506
8507
8508
8509
8510
8511
8512
8513
8514
8516
8519
8520
8521
8522
8523
8524
8525
8527
8529
8530
8532
8533
8535
8537
8538
8539
8540
8542
8543
8545
8546
8547
8548
8549
8550
8552
8554
8555
8556
8558
8560
8561
8562
8564
8565
8566
8568
8569
8570
8571
8575
8577
8579
8580
8581
8582
8583
8586
8589
8590
8591
8592
8595
8596
8597
8598
8599
8600
8601
8603
8604
8605
8606
8607
8609
8610
8611
8612
8614
8617
8620
8624
8625
8627
8628
8629
8630
8631
8632
8633
8635
8636
8637
8639
8640
8641
8644
8645
8646
8647
8649
8650
8651
8653
8655
8659
8661
8662
8663
8664
8665
8666
8667
8669
8670
8672
8679
8682
8683
8684
8689
8693
8694
8695
8696
8697
8698
8699
8701
8703
8704
8706
8708
8709
8711
8712
8713
8714
8717
8718
8719
8720
8721
8724
8726
8728
8729
8731
8732
8733
8737
8738
8739
8740
8741
8742
8743
8744
8745
8746
8747
8748
8749
8750
8751
8752
8753
8754
8755
8756
8757
8760
8764
8765
8767
8768
8770
8771
8774
8775
8776
8778
8779
8780
8781
8782
8784
8785
8786
8789
8791
8792
8793
8794
8795
8796
8798
8799
8800
8802
8803
8804
8805
8807
8808
8809
8810
8813
8814
8817
8821
8822
8823
8824
8825
8828
8829
8830
8832
8833
8834
8836
8837
8838
8842
8846
8847
8849
8850
8851
8853
8854
8856
8858
8859
8863
8865
8866
8867
8869
8872
8874
8875
8877
8878
8880
8881
8888
8889
8890
8891
8894
8896
8897
8901
8902
8903
8904
8905
8906
8907
8909
8911
8912
8913
8914
8915
8916
8918
8921
8923
8926
8927
8929
8931
8932
8933
8935
8936
8938
8939
8940
8941
8942
8945
8946
8948
8949
8950
8951
8953
8954
8955
8957
8958
8959
8963
8964
8965
8967
8970
8972
8973
8974
8976
8977
8978
8979
8981
8984
8985
8986
8987
8990
8992
8993
8994
8996
8997
8998
8999
9000
9001
9002
9003
9004
9005
9006
9007
9008
9009
9010
9011
9012
9013
9014
9015
9016
9018
9019
9020
9022
9023
9024
9025
9026
9027
9032
9036
9037
9038
9040
9041
9043
9044
9046
9049
9051
9053
9054
9055
9056
9060
9061
9062
9063
9065
9066
9067
9068
9069
9071
9073
9074
9075
9077
9079
9080
9081
9086
9088
9092
9093
9096
9098
9099
9100
9102
9103
9105
9106
9107
9109
9111
9112
9114
9115
9116
9120
9121
9122
9123
9124
9125
9126
9127
9129
9131
9135
9136
9137
9138
9139
9140
9141
9142
9143
9144
9145
9147
9150
9151
9152
9153
9154
9156
9157
9158
9160
9161
9162
9163
9164
9166
9168
9169
9170
9171
9174
9175
9176
9178
9180
9181
9182
9183
9184
9186
9187
9188
9190
9192
9193
9194
9196
9197
9198
9199
9201
9202
9204
9205
9207
9209
9210
9211
9214
9215
9216
9217
9218
9220
9221
9222
9223
9224
9225
9226
9228
9229
9230
9232
9234
9235
9236
9237
9240
9241
9243
9244
9245
9249
9250
9251
9252
9253
9254
9255
9256
9257
9258
9259
9261
9262
9265
9266
9268
9270
9271
9273
9274
9277
9278
9280
9281
9282
9283
9284
9285
9287
9288
9290
9291
9292
9293
9294
9296
9297
9298
9301
9302
9303
9305
9309
9310
9311
9312
9314
9315
9316
9317
9318
9321
9322
9323
9324
9325
9327
9329
9330
9331
9332
9333
9334
9335
9336
9338
9339
9340
9342
9343
9344
9345
9346
9347
9348
9350
9351
9353
9355
9356
9357
9360
9361
9362
9363
9364
9365
9366
9368
9371
9373
9374
9375
9376
9377
9378
9379
9380
9384
9387
9388
9390
9391
9393
9394
9398
9399
9400
9401
9402
9404
9405
9406
9409
9410
9411
9412
9413
9414
9415
9416
9419
9420
9424
9425
9427
9428
9429
9432
9433
9434
9435
9437
9438
9440
9441
9442
9444
9446
9447
9450
9451
9452
9453
9455
9456
9459
9460
9461
9465
9468
9470
9471
9472
9473
9474
9475
9476
9477
9479
9480
9481
9482
9483
9485
9486
9487
9489
9491
9492
9494
9495
9496
9497
9498
9499
9500
9503
9504
9505
9506
9507
9509
9511
9512
9513
9514
9515
9516
9518
9519
9520
9521
9522
9523
9524
9525
9526
9528
9529
9530
9531
9532
9533
9534
9535
9536
9537
9538
9539
9540
9542
9545
9546
9547
9548
9550
9551
9553
9555
9556
9559
9562
9563
9565
9567
9568
9569
9571
9572
9573
9575
9577
9579
9581
9582
9583
9584
9586
9587
9589
9591
9595
9596
9598
9599
9600
9601
9602
9603
9604
9606
9607
9609
9610
9612
9613
9616
9617
9619
9620
9621
9622
9626
9627
9629
9630
9635
9636
9639
9640
9642
9643
9644
9645
9646
9648
9650
9651
9652
9653
9654
9655
9656
9659
9660
9661
9662
9663
9664
9666
9667
9668
9671
9672
9674
9676
9677
9678
9682
9683
9684
9685
9686
9687
9688
9689
9690
9693
9694
9696
9697
9698
9700
9701
9702
9704
9706
9707
9708
9709
9711
9712
9713
9714
9715
9716
9717
9718
9720
9722
9723
9724
9725
9726
9727
9728
9729
9730
9731
9732
9733
9734
9738
9741
9745
9749
9752
9754
9755
9756
9758
9759
9760
9761
9762
9763
9766
9769
9771
9773
9777
9778
9779
9782
9783
9786
9787
9789
9790
9791
9793
9794
9796
9798
9800
9801
9802
9806
9807
9808
9809
9810
9812
9813
9814
9815
9816
9817
9818
9819
9821
9823
9827
9828
9830
9831
9833
9834
9835
9836
9837
9839
9840
9841
9842
9844
9846
9847
9849
9850
9851
9854
9855
9857
9858
9860
9861
9862
9864
9865
9867
9868
9869
9870
9871
9873
9874
9875
9876
9877
9878
9879
9881
9883
9884
9885
9886
9888
9889
9890
9892
9894
9897
9898
9899
9900
9901
9902
9903
9905
9906
9907
9908
9909
9910
9912
9913
9914
9915
9918
9919
9921
9923
9926
9928
9929
9931
9932
9934
9935
9936
9937
9938
9939
9940
9941
9942
9944
9946
9948
9951
9952
9955
9956
9958
9959
9960
9961
9963
9964
9965
9967
9969
9971
9972
9973
9975
9976
9977
9978
9979
9980
9981
9983
9985
9987
9988
9989
9991
9992
9993
9996
9997
9998
9999
10000
10001
10002
10003
10006
10007
10008
10009
10011
10012
10015
10017
10018
10020
10021
10023
10024
10025
10026
10027
10028
10029
10030
10031
10032
10035
10036
10037
10039
10041
10042
10044
10045
10046
10047
10048
10049
10051
10052
10054
10055
10057
10059
10060
10061
10062
10063
10066
10070
10071
10072
10073
10074
10078
10079
10080
10081
10083
10085
10086
10087
10088
10089
10090
10092
10096
10098
10099
10100
10101
10103
10104
10105
10106
10107
10109
10110
10113
10114
10116
10119
10120
10122
10123
10125
10126
10129
10131
10132
10133
10134
10135
10136
10137
10138
10140
10141
10142
10143
10144
10145
10146
10148
10149
10151
10152
10153
10154
10156
10157
10158
10163
10164
10165
10168
10171
10172
10173
10174
10175
10176
10177
10178
10179
10180
10181
10185
10187
10188
10189
10191
10193
10194
10197
10198
10199
10200
10201
10202
10203
10206
10207
10208
10209
10210
10211
10214
10216
10218
10219
10220
10221
10222
10223
10224
10225
10227
10230
10231
10234
10236
10237
10238
10239
10240
10242
10243
10244
10245
10247
10249
10250
10251
10252
10254
10255
10256
10259
10260
10263
10264
10265
10266
10267
10268
10269
10270
10271
10272
10273
10275
10276
10277
10278
10279
10281
10282
10285
10286
10288
10289
10290
10291
10292
10293
10294
10295
10296
10297
10299
10300
10303
10304
10307
10308
10312
10313
10315
10316
10317
10320
10323
10324
10326
10327
10329
10330
10331
10335
10337
10339
10340
10341
10346
10348
10349
10350
10352
10354
10355
10356
10358
10360
10361
10362
10363
10364
10365
10368
10371
10372
10373
10374
10375
10376
10378
10379
10381
10383
10384
10387
10388
10391
10392
10393
10394
10395
10396
10397
10398
10399
10400
10401
10404
10405
10406
10408
10409
10414
10415
10416
10417
10418
10419
10420
10421
10422
10423
10424
10425
10426
10427
10428
10429
10431
10432
10433
10434
10435
10437
10438
10439
10442
10443
10447
10448
10449
10450
10453
10455
10456
10457
10459
10462
10463
10464
10465
10466
10468
10469
10470
10471
10474
10475
10476
10478
10479
10481
10482
10485
10486
10488
10489
10490
10491
10494
10495
10496
10497
10498
10499
10502
10505
10507
10508
10509
10513
10514
10517
10519
10520
10521
10522
10523
10525
10526
10527
10529
10530
10531
10532
10534
10536
10537
10538
10539
10540
10541
10543
10544
10545
10547
10548
10551
10552
10554
10556
10557
10559
10560
10562
10565
10566
10568
10570
10571
10572
10574
10575
10576
10577
10578
10579
10580
10582
10583
10584
10585
10586
10587
10588
10589
10591
10592
10593
10597
10600
10602
10603
10604
10605
10607
10609
10610
10612
10613
10614
10615
10616
10617
10618
10619
10620
10623
10625
10626
10628
10629
10630
10631
10632
10634
10635
10636
10637
10638
10640
10641
10642
10644
10645
10646
10647
10649
10652
10653
10654
10655
10657
10659
10660
10661
10663
10664
10666
10668
10670
10671
10672
10674
10675
10678
10679
10680
10681
10682
10684
10685
10686
10687
10688
10689
10690
10692
10693
10695
10696
10698
10699
10703
10704
10709
10710
10712
10715
10716
10717
10718
10721
10723
10724
10727
10728
10730
10732
10733
10735
10736
10737
10738
10739
10742
10743
10744
10745
10746
10747
10748
10750
10753
10754
10755
10757
10761
10763
10765
10767
10769
10771
10773
10774
10775
10776
10777
10778
10779
10780
10781
10782
10784
10785
10786
10787
10789
10793
10795
10796
10797
10799
10800
10801
10802
10805
10806
10807
10808
10809
10810
10811
10812
10813
10815
10816
10817
10822
10824
10825
10828
10829
10830
10831
10832
10834
10838
10840
10841
10843
10844
10846
10848
10849
10850
10851
10852
10854
10856
10857
10858
10859
10862
10865
10866
10868
10869
10870
10871
10872
10874
10875
10876
10877
10878
10879
10880
10882
10883
10884
10885
10886
10887
10889
10890
10891
10892
10893
10894
10896
10897
10900
10901
10907
10909
10911
10912
10913
10915
10916
10917
10918
10920
10921
10923
10924
10927
10929
10930
10932
10934
10935
10937
10939
10940
10942
10943
10945
10946
10949
10950
10951
10952
10956
10957
10958
10962
10963
10967
10968
10969
10971
10972
10974
10976
10977
10978
10980
10982
10985
10986
10987
10988
10991
10992
10995
10996
10998
11000
11002
11003
11004
11006
11007
11008
11009
11010
11011
11014
11015
11017
11019
11021
11022
11026
11027
11028
11030
11032
11034
11035
11036
11038
11039
11040
11041
11042
11045
11047
11048
11053
11054
11055
11057
11058
11059
11063
11064
11065
11066
11068
11071
11072
11075
11076
11077
11078
11080
11081
11083
11085
11086
11088
11089
11090
11094
11095
11096
11097
11099
11100
11101
11102
11103
11104
11105
11106
11107
11108
11111
11112
11116
11118
11119
11120
11121
11122
11124
11125
11126
11127
11128
11131
11132
11133
11134
11137
11138
11139
11141
11142
11143
11144
11146
11149
11150
11151
11152
11155
11156
11157
11158
11160
11161
11162
11163
11164
11165
11166
11170
11171
11172
11173
11174
11176
11178
11180
11181
11184
11185
11186
11187
11188
11189
11198
11199
11203
11205
11206
11208
11209
11211
11213
11214
11215
11216
11218
11220
11221
11222
11223
11225
11228
11229
11230
11231
11232
11233
11234
11236
11237
11238
11240
11241
11243
11245
11247
11248
11250
11251
11254
11258
11259
11261
11263
11265
11269
11270
11271
11272
11275
11277
11279
11280
11281
11283
11285
11286
11290
11291
11293
11294
11295
11297
11298
11299
11300
11302
11304
11306
11307
11308
11311
11313
11314
11316
11318
11321
11322
11323
11326
11327
11329
11331
11332
11333
11334
11336
11338
11340
11341
11342
11343
11345
11347
11348
11349
11350
11351
11352
11355
11357
11358
11359
11360
11361
11363
11364
11365
11366
11367
11370
11371
11374
11375
11376
11377
11380
11381
11382
11385
11386
11387
11390
11391
11393
11394
11397
11398
11399
11400
11401
11402
11403
11404
11406
11407
11411
11412
11413
11416
11417
11418
11421
11425
11426
11427
11428
11429
11430
11431
11433
11434
11435
11436
11438
11439
11440
11441
11443
11444
11446
11447
11451
11452
11453
11454
11455
11457
11459
11460
11463
11464
11467
11468
11469
11470
11472
11473
11474
11475
11478
11479
11480
11481
11483
11485
11486
11489
11491
11492
11494
11496
11497
11498
11499
11501
11503
11504
11506
11507
11508
11509
11512
11515
11517
11519
11520
11521
11524
11525
11526
11527
11528
11530
11531
11533
11534
11536
11540
11541
11542
11543
11544
11545
11549
11550
11551
11552
11554
11556
11557
11558
11561
11562
11564
11567
11568
11569
11570
11573
11575
11577
11579
11580
11582
11583
11584
11585
11587
11588
11590
11592
11594
11596
11597
11598
11599
11600
11601
11602
11603
11605
11607
11608
11609
11610
11612
11613
11614
11615
11616
11617
11618
11619
11621
11622
11623
11627
11628
11629
11630
11633
11634
11636
11638
11640
11641
11642
11645
11646
11648
11649
11650
11653
11655
11657
11658
11659
11661
11663
11664
11666
11667
11668
11669
11671
11673
11674
11676
11678
11679
11681
11682
11683
11684
11686
11687
11688
11689
11691
11692
11693
11694
11695
11697
11698
11699
11700
11702
11703
11706
11707
11708
11710
11712
11716
11717
11718
11719
11720
11721
11723
11725
11728
11729
11730
11733
11734
11736
11737
11738
11739
11740
11742
11743
11744
11746
11747
11748
11750
11751
11752
11753
11754
11756
11757
11758
11759
11760
11765
11767
11768
11769
11770
11771
11772
11773
11775
11776
11778
11780
11781
11783
11785
11786
11787
11788
11789
11791
11792
11793
11794
11796
11797
11798
11799
11800
11801
11802
11804
11805
11806
11807
11808
11809
11810
11812
11815
11818
11819
11820
11821
11823
11824
11826
11827
11829
11832
11833
11834
11835
11836
11837
11840
11842
11846
11847
11848
11851
11853
11855
11856
11859
11860
11863
11866
11867
11868
11869
11872
11873
11876
11877
11878
11879
11880
11881
11882
11884
11885
11888
11889
11891
11892
11893
11894
11895
11897
11898
11899
11901
11902
11904
11906
11907
11911
11915
11917
11918
11919
11921
11924
11925
11927
11928
11929
11931
11932
11933
11934
11935
11938
11939
11940
11941
11942
11943
11946
11947
11948
11949
11950
11951
11952
11953
11954
11957
11958
11960
11961
11962
11964
11966
11968
11971
11972
11973
11974
11975
11976
11978
11979
11981
11983
11987
11989
11990
11994
11995
11997
11998
11999
12000
12001
12002
12005
12006
12007
12009
12010
12011
12013
12014
12017
12018
12019
12021
12023
12024
12026
12027
12028
12029
12030
12031
12033
12034
12035
12036
12037
12039
12040
12041
12042
12043
12044
12045
12048
12049
12050
12052
12053
12054
12056
12057
12058
12065
12066
12070
12071
12073
12075
12077
12078
12080
12081
12082
12083
12086
12090
12092
12095
12096
12098
12099
12101
12102
12103
12104
12106
12107
12108
12109
12110
12111
12112
12115
12116
12118
12120
12121
12123
12124
12128
12129
12130
12132
12133
12135
12136
12138
12139
12140
12141
12142
12144
12146
12147
12148
12150
12151
12154
12155
12156
12157
12160
12162
12164
12165
12166
12167
12169
12170
12172
12181
12182
12183
12184
12188
12189
12190
12192
12193
12194
12196
12197
12198
12200
12201
12202
12203
12204
12205
12209
12210
12211
12212
12213
12214
12215
12216
12217
12218
12219
12220
12221
12222
12223
12224
12225
12226
12227
12229
12234
12235
12236
12238
12239
12240
12241
12242
12243
12245
12246
12247
12249
12250
12251
12252
12254
12257
12258
12259
12260
12261
12262
12263
12264
12267
12270
12271
12272
12273
12275
12276
12277
12278
12280
12282
12283
12284
12285
12286
12287
12289
12290
12295
12296
12297
12298
12299
12300
12304
12305
12306
12307
12309
12311
12313
12315
12316
12317
12318
12319
12320
12322
12323
12327
12329
12332
12334
12335
12336
12340
12341
12342
12343
12346
12349
12350
12351
12352
12353
12354
12355
12356
12357
12358
12359
12361
12362
12364
12365
12366
12367
12369
12370
12371
12372
12373
12374
12375
12376
12377
12378
12379
12380
12381
12382
12383
12384
12387
12391
12392
12393
12395
12396
12398
12399
12400
12401
12403
12404
12405
12407
12409
12410
12411
12412
12413
12414
12415
12417
12418
12419
12420
12421
12424
12426
12429
12430
12432
12433
12434
12435
12436
12437
12439
12442
12443
12447
12449
12450
12451
12452
12454
12455
12457
12458
12459
12460
12461
12462
12463
12464
12465
12466
12467
12469
12470
12471
12472
12473
12474
12475
12479
12480
12482
12484
12485
12486
12488
12489
12491
12492
12494
12495
12497
12499
12500
12501
12502
12504
12505
12506
12507
12509
12511
12512
12513
12515
12516
12518
12519
12520
12521
12523
12524
12525
12527
12528
12529
12531
12532
12533
12534
12535
12537
12538
12539
12540
12541
12542
12543
12544
12545
12546
12547
12548
12551
12555
12556
12558
12559
12561
12562
12563
12566
12570
12571
12572
12573
12574
12575
12576
12577
12578
12580
12582
12584
12586
12588
12589
12592
12593
12594
12597
12599
12602
12606
12608
12609
12610
12611
12612
12613
12614
12615
12617
12618
12619
12620
12621
12622
12623
12624
12625
12627
12629
12632
12633
12635
12636
12639
12642
12643
12644
12646
12647
12649
12650
12651
12652
12654
12655
12656
12657
12658
12660
12662
12663
12664
12669
12670
12671
12672
12673
12675
12676
12677
12680
12682
12684
12686
12688
12690
12691
12692
12693
12694
12695
12697
12698
12699
12700
12702
12703
12704
12707
12708
12709
12710
12715
12716
12717
12718
12719
12720
12724
12726
12727
12728
12729
12730
12731
12732
12733
12734
12735
12738
12740
12742
12743
12745
12747
12748
12750
12752
12760
12762
12764
12765
12766
12767
12768
12769
12773
12774
12775
12776
12778
12779
12780
12781
12783
12785
12787
12791
12792
12793
12795
12796
12798
12800
12801
12802
12803
12804
12805
12806
12809
12810
12811
12812
12813
12814
12816
12819
12821
12822
12823
12827
12828
12830
12831
12832
12833
12835
12836
12838
12840
12841
12842
12843
12844
12845
12846
12847
12850
12852
12853
12854
12855
12856
12857
12859
12861
12862
12864
12865
12866
12868
12869
12871
12872
12874
12875
12879
12880
12881
12882
12883
12884
12885
12886
12887
12888
12889
12891
12892
12893
12896
12898
12899
12900
12902
12904
12905
12907
12908
12909
12910
12911
12912
12915
12916
12918
12919
12921
12922
12924
12925
12927
12928
12929
12931
12932
12934
12935
12936
12939
12941
12942
12943
12944
12945
12947
12950
12951
12952
12953
12956
12960
12962
12964
12965
12966
12967
12969
12970
12971
12972
12973
12974
12975
12976
12977
12980
12981
12982
12983
12984
12985
12986
12987
12988
12989
12990
12991
12994
12996
12997
13000
13001
13002
13006
13007
13010
13014
13016
13019
13020
13021
13022
13023
13025
13026
13027
13029
13030
13032
13033
13034
13035
13036
13038
13039
13041
13043
13044
13045
13046
13048
13049
13051
13054
13055
13058
13059
13061
13062
13063
13064
13065
13066
13069
13070
13072
13073
13075
13079
13082
13084
13085
13086
13089
13090
13091
13095
13097
13098
13099
13101
13102
13103
13104
13105
13107
13108
13109
13110
13112
13113
13115
13116
13118
13119
13120
13122
13124
13127
13128
13130
13134
13136
13138
13139
13141
13143
13144
13145
13146
13149
13150
13151
13152
13153
13154
13156
13159
13160
13162
13163
13164
13165
13166
13170
13171
13173
13177
13180
13182
13184
13185
13187
13188
13190
13191
13193
13196
13199
13200
13201
13202
13203
13204
13205
13206
13207
13208
13209
13210
13214
13215
13217
13218
13219
13220
13221
13223
13224
13226
13227
13228
13229
13230
13231
13232
13235
13236
13238
13239
13240
13241
13242
13243
13244
13245
13246
13247
13248
13249
13252
13254
13255
13257
13258
13260
13261
13264
13266
13269
13270
13271
13272
13273
13275
13276
13277
13278
13279
13281
13284
13286
13288
13289
13290
13291
13293
13294
13295
13296
13298
13302
13303
13307
13308
13309
13311
13312
13313
13315
13316
13317
13319
13320
13321
13322
13327
13328
13329
13332
13335
13336
13337
13338
13342
13343
13344
13345
13347
13349
13350
13351
13352
13353
13354
13355
13357
13359
13360
13361
13362
13364
13365
13368
13370
13371
13372
13373
13374
13379
13380
13381
13382
13383
13384
13385
13387
13388
13390
13391
13392
13393
13396
13397
13400
13401
13402
13403
13404
13405
13407
13408
13409
13410
13411
13412
13413
13417
13418
13420
13421
13422
13424
13425
13427
13428
13429
13430
13431
13432
13433
13434
13437
13438
13439
13443
13445
13446
13449
13451
13453
13455
13456
13457
13459
13460
13461
13463
13465
13467
13468
13469
13471
13478
13479
13481
13482
13483
13484
13486
13487
13489
13490
13492
13493
13494
13495
13496
13497
13500
13501
13503
13504
13505
13507
13508
13509
13510
13511
13512
13513
13514
13515
13516
13519
13521
13522
13523
13524
13525
13526
13527
13528
13529
13530
13532
13533
13534
13536
13543
13544
13545
13548
13549
13551
13552
13555
13557
13558
13560
13563
13564
13566
13567
13568
13569
13570
13571
13572
13573
13574
13575
13576
13580
13581
13583
13586
13587
13588
13590
13591
13592
13593
13594
13595
13596
13600
13601
13603
13605
13606
13607
13608
13610
13611
13613
13614
13615
13617
13618
13620
13621
13625
13627
13628
13629
13630
13632
13637
13638
13639
13641
13642
13644
13645
13647
13649
13651
13652
13653
13654
13655
13657
13658
13659
13661
13662
13663
13664
13665
13666
13667
13668
13670
13674
13675
13679
13680
13681
13685
13686
13688
13690
13691
13692
13694
13696
13698
13699
13700
13702
13703
13706
13712
13713
13714
13715
13717
13718
13719
13720
13721
13724
13725
13726
13728
13729
13730
13731
13733
13734
13735
13738
13739
13740
13743
13746
13747
13748
13750
13753
13755
13756
13757
13758
13759
13761
13762
13766
13768
13769
13770
13771
13772
13773
13775
13777
13778
13779
13780
13781
13782
13783
13784
13785
13786
13787
13790
13792
13793
13794
13795
13798
13800
13802
13803
13804
13805
13807
13808
13810
13811
13812
13813
13814
13815
13818
13819
13820
13821
13822
13823
13824
13825
13826
13827
13829
13831
13832
13833
13834
13836
13837
13838
13842
13845
13847
13848
13849
13850
13851
13852
13853
13854
13856
13857
13858
13860
13861
13863
13865
13866
13867
13868
13869
13871
13872
13873
13874
13875
13876
13877
13878
13879
13882
13885
13889
13891
13892
13896
13897
13898
13899
13902
13904
13907
13908
13909
13910
13911
13912
13914
13915
13916
13917
13918
13919
13920
13921
13922
13924
13925
13926
13927
13929
13930
13931
13935
13936
13937
13939
13940
13941
13942
13944
13946
13947
13948
13949
13950
13951
13954
13955
13958
13960
13962
13963
13964
13967
13968
13969
13971
13973
13974
13975
13976
13978
13980
13981
13982
13983
13984
13985
13992
13993
13995
13996
13997
13998
14000
14001
14003
14006
14007
14010
14011
14012
14013
14017
14020
14021
14022
14023
14024
14026
14027
14028
14029
14030
14031
14032
14034
14035
14038
14039
14041
14042
14043
14046
14048
14050
14051
14053
14055
14057
14058
14059
14060
14062
14064
14065
14066
14070
14072
14073
14074
14078
14079
14080
14081
14083
14085
14087
14089
14090
14091
14093
14094
14095
14096
14100
14103
14104
14105
14106
14107
14108
14109
14114
14115
14117
14118
14119
14120
14122
14123
14124
14125
14126
14127
14128
14129
14131
14134
14135
14136
14137
14141
14144
14145
14146
14147
14148
14149
14150
14151
14152
14154
14156
14157
14158
14159
14161
14166
14169
14173
14174
14175
14176
14177
14183
14184
14185
14187
14189
14191
14192
14193
14195
14197
14198
14200
14202
14203
14204
14205
14206
14207
14209
14210
14211
14215
14216
14217
14218
14220
14221
14224
14226
14227
14228
14229
14230
14231
14232
14236
14237
14239
14240
14243
14244
14246
14248
14249
14251
14253
14254
14255
14256
14257
14258
14259
14260
14261
14262
14263
14264
14266
14268
14270
14271
14272
14275
14276
14279
14280
14282
14284
14289
14291
14292
14294
14295
14299
14300
14304
14307
14308
14309
14312
14313
14314
14315
14317
14318
14319
14320
14321
14322
14323
14324
14325
14326
14327
14328
14330
14332
14333
14335
14336
14338
14339
14341
14344
14345
14346
14348
14349
14351
14353
14354
14356
14357
14358
14360
14361
14362
14363
14364
14366
14367
14368
14371
14373
14374
14376
14378
14381
14382
14383
14385
14386
14387
14388
14389
14390
14391
14393
14394
14399
14400
14401
14402
14403
14404
14406
14407
14408
14413
14414
14415
14416
14417
14418
14421
14422
14424
14425
14427
14428
14429
14430
14431
14433
14435
14437
14438
14439
14440
14444
14446
14447
14448
14449
14450
14451
14452
14455
14456
14460
14463
14468
14469
14472
14474
14475
14476
14477
14478
14479
14480
14483
14484
14485
14486
14487
14490
14492
14493
14495
14496
14497
14500
14501
14502
14503
14504
14505
14506
14507
14508
14510
14511
14512
14513
14514
14515
14516
14519
14521
14522
14523
14524
14525
14527
14529
14530
14531
14534
14536
14537
14538
14539
14540
14541
14542
14544
14547
14548
14549
14550
14552
14554
14556
14557
14559
14560
14563
14564
14567
14568
14569
14570
14574
14575
14578
14579
14581
14582
14583
14584
14586
14587
14588
14591
14593
14596
14599
14601
14602
14603
14605
14607
14608
14609
14610
14611
14612
14614
14617
14618
14619
14621
14622
14623
14624
14625
14628
14629
14630
14631
14634
14635
14637
14638
14640
14641
14642
14643
14646
14649
14650
14651
14652
14655
14656
14659
14660
14663
14665
14666
14667
14668
14671
14672
14673
14674
14675
14676
14677
14678
14680
14681
14683
14684
14685
14686
14687
14689
14691
14692
14693
14695
14696
14697
14700
14701
14702
14703
14704
14705
14707
14709
14710
14712
14714
14716
14717
14718
14719
14720
14723
14724
14726
14729
14730
14731
14733
14734
14735
14736
14738
14740
14742
14743
14744
14745
14746
14747
14748
14749
14750
14753
14754
14755
14756
14757
14758
14760
14761
14762
14764
14766
14768
14769
14770
14771
14772
14773
14775
14781
14784
14787
14788
14790
14791
14793
14794
14797
14799
14800
14802
14803
14804
14806
14807
14809
14813
14814
14815
14818
14820
14821
14822
14823
14825
14826
14827
14828
14830
14831
14833
14834
14836
14837
14838
14840
14842
14843
14844
14845
14846
14847
14850
14852
14853
14854
14855
14856
14859
14862
14865
14866
14867
14869
14870
14872
14873
14874
14875
14876
14877
14878
14879
14881
14882
14885
14887
14890
14892
14893
14894
14895
14896
14897
14898
14899
14902
14903
14906
14908
14909
14911
14912
14913
14914
14915
14918
14919
14920
14921
14923
14924
14927
14928
14929
14931
14935
14940
14941
14942
14944
14945
14946
14947
14950
14951
14952
14953
14955
14956
14957
14959
14961
14963
14965
14966
14968
14970
14971
14973
14974
14977
14978
14979
14980
14981
14982
14983
14985
14989
14990
14991
14992
14994
14995
14997
14999
15000
15001
15003
15007
15010
15011
15012
15013
15015
15016
15017
15018
15020
15025
15028
15030
15032
15033
15034
15035
15036
15037
15038
15039
15040
15041
15042
15044
15045
15046
15047
15049
15050
15051
15052
15053
15054
15055
15056
15057
15058
15059
15060
15061
15062
15063
15064
15065
15068
15069
15072
15073
15074
15075
15078
15085
15087
15088
15089
15091
15096
15104
15107
15115
15116
15117
15123
15124
15125
15126
15128
15129
15132
15157
15159
15169
15172
15175
15176
15181
15182
15198
15200
15209
15210
15212
15220
15226
15227
15243
15244
15245
15253
15256
15263
15266
15271
15272
15276
15277
15279
15281
15284
15291
15293
15294
15299
15301
15302
15306
15307
15308
15309
15316
15320
15321
15322
15326
15331
15334
15340
15353
15355
15360
15362
15363
15365
15369
15373
15379
15384
15385
15394
15403
15406
15407
15414
15418
15424
15430
15431
15432
15438
15442
15445
15456
15457
15458
15463
15466
15469
15470
15471
15476
15488
15492
15502
15506
15507
15510
15512
15519
15524
15527
15531
15532
15536
15542
15547
15549
15554
15559
15564
15567
15568
15575
15580
15582
15587
15594
15604
15608
15616
15640
15641
15642
15643
15646
15647
15648
15651
15653
15655
15656
15657
15659
15660
15667
15668
15672
15676
15682
15684
15686
15692
15697
15702
15704
15712
15713
15727
15728
15729
15732
15744
15750
15753
15764
15765
15766
15768
15770
15784
15792
15794
15796
15799
15801
15805
15810
15818
15823
15826
15828
15829
15832
15838
15839
15844
15851
15855
15856
15857
15865
15868
15870
15872
15873
15875
15876
15881
15887
15889
15893
15896
15898
15906
15910
15915
15919
15925
15926
15928
15933
15938
15941
15943
15948
15954
15957
15959
15962
15963
15967
15972
15974
15977
15984
15987
15988
15989
15990
15994
15996
15999
16001
16002
16004
16007
16016
16021
16023
16032
16038
16039
16048
16057
16059
16061
16065
16066
16069
16071
16076
16077
16083
16087
16088
16101
16104
16105
16110
16111
16113
16121
16128
16129
16130
16132
16134
16139
16140
16141
16152
16153
16165
16167
16170
16173
16174
16178
16179
16191
16194
16204
16207
16208
16211
16214
16219
16222
16225
16231
16232
16236
16237
16240
16250
16257
16270
16273
16277
16281
16284
16289
16290
16291
16295
16299
16307
16312
16313
16316
16321
16324
16328
16329
16330
16332
16338
16339
16341
16346
16350
16353
16357
16362
16368
16369
16380
16384
16385
16389
16396
16399
16406
16409
16421
16422
16424
16430
16448
16451
16454
16455
16462
16465
16469
16478
16480
16483
16486
16487
16488
16491
16492
16494
16496
16505
16508
16509
16513
16514
16516
16517
16521
16523
16528
16530
16537
16539
16541
16542
16546
16548
16556
16559
16565
16571
16572
16575
16578
16580
16581
16582
16588
16590
16591
16595
16597
16608
16609
16623
16635
16643
16644
16651
16660
16666
16669
16671
16673
16677
16689
16707
16708
16714
16715
16716
16717
16720
16723
16738
16739
16753
16764
16766
16775
16778
16783
16788
16793
16803
16804
16806
16808
16810
16811
16812
16819
16820
16827
16829
16833
16855
16859
16860
16862
16864
16866
16882
16884
16886
16887
16896
16902
16903
16904
16907
16911
16921
16927
16929
16930
16931
16934
16935
16940
16945
16949
16956
16961
16964
16966
16974
16976
16980
16983
16984
16985
16987
16988
16990
16995
17000
17002
17003
17005
17006
17007
17012
17013
17016
17017
17021
17023
17025
17026
17034
17035
17036
17043
17045
17049
17052
17070
17075
17076
17079
17084
17086
17090
17100
17102
17109
17110
17114
17116
17124
17128
17136
17146
17148
17149
17151
17152
17154
17156
17159
17161
17165
17168
17171
17172
17181
17184
17186
17188
17191
17195
17199
17201
17203
17204
17206
17212
17213
17221
17224
17228
17230
17232
17239
17242
17243
17245
17249
17255
17256
17260
17261
17263
17267
17279
17280
17281
17283
17284
17289
17292
17295
17298
17306
17307
17311
17312
17314
17316
17319
17320
17321
17324
17329
17332
17334
17335
17338
17348
17351
17366
17369
17374
17375
17377
17379
17380
17416
17419
17428
17429
17430
17440
17441
17442
17462
17478
17479
17488
17489
17493
17496
17497
17499
17501
17504
17506
17512
17515
17524
17540
17542
17543
17554
17559
17560
17561
17566
17567
17568
17570
17571
17572
17573
17575
17577
17579
17588
17590
17591
17595
17596
17604
17621
17622
17633
17636
17658
17659
17660
17662
17669
17671
17676
17677
17682
17686
17694
17695
17699
17701
17703
17704
17713
17714
17723
17724
17725
17728
17730
17737
17738
17750
17760
17763
17765
17767
17771
17774
17778
17781
17787
17789
17791
17793
17796
17798
17799
17801
17805
17806
17811
17814
17820
17825
17831
17833
17841
17846
17847
17850
17854
17858
17863
17864
17866
17869
17871
17872
17877
17879
17882
17883
17884
17900
17901
17903
17905
17910
17911
17912
17914
17917
17918
17921
17924
17931
17932
17934
17936
17942
17946
17951
17952
17955
17957
17958
17960
17965
17967
17973
17976
17983
17996
17997
18009
18014
18028
18034
18036
18038
18050
18055
18058
18059
18062
18064
18066
18072
18076
18083
18088
18089
18090
18094
18100
18101
18103
18110
18112
18113
18120
18122
18127
18128
18129
18133
18134
18135
18142
18144
18147
18151
18157
18158
18170
18171
18177
18178
18189
18192
18202
18209
18210
18215
18227
18228
18230
18234
18235
18242
18246
18247
18259
18261
18263
18265
18267
18274
18283
18286
18294
18296
18314
18315
18322
18329
18342
18348
18355
18360
18371
18372
18373
18374
18378
18390
18393
18394
18400
18402
18405
18409
18410
18411
18414
18416
18421
18422
18433
18434
18435
18438
18439
18455
18463
18474
18475
18476
18477
18478
18481
18485
18490
18498
18499
18500
18506
18511
18513
18518
18520
18521
18522
18527
18531
18532
18534
18535
18541
18543
18544
18549
18550
18551
18554
18555
18556
18558
18564
18574
18577
18582
18584
18586
18589
18590
18594
18596
18600
18609
18610
18613
18614
18616
18621
18624
18631
18641
18644
18645
18657
18658
18663
18669
18671
18679
18683
18687
18691
18693
18698
18706
18708
18726
18728
18730
18733
18735
18739
18743
18744
18745
18752
18754
18763
18768
18772
18773
18775
18777
18782
18786
18788
18793
18805
18808
18809
18810
18812
18816
18817
18818
18821
18823
18826
18829
18830
18833
18835
18836
18839
18841
18843
18851
18858
18861
18869
18871
18885
18892
18898
18907
18916
18920
18922
18926
18933
18936
18937
18940
18948
18949
18950
18952
18953
18954
18955
18956
18960
18968
18975
18979
18981
18987
18992
18999
19000
19001
19012
19013
19014
19015
19018
19029
19031
19036
19038
19043
19046
19048
19051
19053
19057
19062
19065
19071
19084
19085
19097
19113
19114
19115
19116
19120
19121
19124
19125
19135
19137
19139
19140
19142
19146
19151
19152
19154
19155
19156
19173
19174
19175
19184
19188
19190
19199
19203
19205
19206
19207
19209
19215
19218
19221
19225
19229
19239
19243
19245
19253
19261
19279
19288
19292
19293
19294
19304
19308
19315
19321
19322
19323
19332
19335
19336
19342
19344
19348
19350
19351
19355
19360
19362
19368
19375
19378
19387
19388
19398
19401
19402
19403
19411
19414
19419
19436
19440
19443
19444
19446
19447
19454
19464
19467
19471
19472
19474
19477
19481
19485
19486
19491
19495
19500
19502
19506
19507
19510
19512
19513
19514
19520
19522
19526
19529
19533
19534
19537
19540
19543
19549
19551
19553
19557
19560
19565
19567
19571
19574
19585
19593
19594
19595
19596
19597
19599
19604
19615
19619
19630
19632
19635
19641
19645
19647
19658
19659
19662
19665
19666
19673
19679
19686
19688
19689
19696
19710
19711
19712
19718
19726
19727
19730
19732
19734
19737
19752
19753
19755
19757
19760
19761
19767
19769
19770
19775
19781
19783
19790
19796
19799
19802
19806
19811
19831
19836
19838
19839
19841
19845
19846
19854
19855
19861
19864
19865
19881
19884
19895
19898
19903
19907
19909
19911
19915
19916
19924
19925
19931
19933
19937
19949
19950
19952
19956
19957
19960
19978
19980
19982
19983
19984
19985
19994
20016
20020
20023
20026
20032
20034
20035
20046
20049
20050
20055
20058
20059
20064
20069
20076
20079
20084
20089
20090
20091
20094
20095
20107
20108
20117
20118
20121
20123
20126
20128
20132
20135
20142
20144
20152
20157
20161
20164
20173
20182
20184
20193
20197
20199
20201
20204
20205
20206
20207
20215
20221
20222
20227
20233
20235
20239
20240
20244
20245
20246
20249
20250
20251
20257
20263
20265
20269
20271
20277
20278
20279
20285
20287
20289
20290
20292
20299
20303
20304
20305
20313
20315
20325
20327
20347
20354
20360
20363
20364
20366
20368
20372
20380
20385
20388
20389
20392
20418
20427
20428
20429
20437
20438
20442
20451
20460
20464
20465
20476
20478
20485
20487
20496
20497
20504
20514
20516
20517
20522
20523
20527
20528
20529
20530
20533
20535
20542
20558
20564
20565
20572
20573
20575
20577
20579
20582
20586
20587
20588
20607
20615
20626
20646
20649
20653
20659
20660
20661
20665
20668
20672
20680
20684
20687
20692
20693
20695
20706
20708
20709
20713
20714
20715
20718
20722
20725
20740
20741
20748
20750
20751
20761
20764
20769
20778
20782
20783
20797
20800
20805
20806
20813
20815
20820
20821
20826
20830
20835
20836
20837
20839
20841
20844
20845
20847
20848
20861
20866
20867
20874
20876
20877
20898
20900
20909
20914
20921
20942
20950
20953
20954
20958
20964
20966
20977
20980
20982
20984
20985
20986
20995
20999
21004
21006
21012
21014
21019
21020
21021
21027
21030
21031
21043
21049
21059
21060
21064
21065
21068
21069
21072
21079
21081
21082
21084
21089
21092
21105
21112
21116
21117
21121
21123
21132
21133
21138
21139
21143
21144
21148
21153
21157
21158
21160
21164
21165
21166
21168
21171
21178
21185
21192
21195
21197
21205
21210
21212
21213
21223
21236
21237
21242
21243
21247
21249
21253
21261
21263
21266
21270
21271
21274
21283
21294
21325
21326
21328
21329
21330
21333
21337
21338
21339
21340
21341
21345
21346
21350
21351
21354
21360
21362
21371
21372
21373
21377
21381
21383
21384
21387
21389
21391
21394
21395
21398
21399
21402
21407
21409
21414
21415
21416
21417
21418
21435
21442
21451
21455
21458
21461
21465
21467
21482
21483
21486
21487
21489
21493
21497
21498
21502
21505
21512
21519
21522
21523
21528
21533
21537
21539
21540
21543
21550
21559
21561
21563
21571
21574
21577
21579
21597
21609
21611
21619
21621
21622
21623
21626
21643
21648
21649
21654
21657
21665
21670
21680
21681
21685
21687
21688
21696
21697
21699
21700
21701
21702
21719
21725
21734
21737
21738
21741
21742
21745
21746
21747
21752
21754
21759
21761
21763
21765
21766
21772
21774
21780
21782
21787
21793
21794
21797
21802
21803
21805
21812
21814
21822
21823
21827
21836
21838
21841
21845
21847
21848
21851
21864
21866
21873
21882
21892
21903
21906
21916
21924
21929
21932
21939
21940
21941
21946
21947
21955
21958
21964
21966
21970
21972
21978
21985
21991
21996
22002
22005
22012
22014
22022
22028
22029
22032
22033
22037
22038
22041
22045
22049
22050
22051
22052
22053
22055
22062
22067
22068
22075
22104
22112
22114
22115
22117
22144
22150
22155
22156
22159
22160
22167
22174
22175
22177
22180
22181
22184
22185
22193
22194
22197
22205
22223
22224
22225
22226
22229
22235
22239
22244
22248
22254
22267
22268
22270
22273
22282
22285
22288
22301
22304
22315
22333
22337
22338
22342
22343
22344
22347
22354
22363
22368
22379
22380
22381
22382
22387
22388
22400
22401
22406
22408
22411
22412
22413
22428
22431
22436
22441
22442
22443
22444
22462
22463
22475
22476
22480
22481
22482
22486
22497
22505
22506
22507
22510
22511
22514
22515
22522
22523
22524
22526
22528
22533
22539
22540
22544
22545
22553
22556
22558
22560
22565
22567
22569
22574
22575
22576
22596
22608
22614
22634
22635
22636
22642
22652
22657
22661
22662
22665
22666
22667
22670
22673
22674
22689
22698
22699
22704
22710
22712
22713
22717
22719
22722
22725
22727
22732
22739
22747
22750
22758
22762
22766
22767
22770
22774
22784
22786
22792
22806
22808
22814
22816
22826
22828
22834
22836
22840
22844
22845
22854
22861
22862
22869
22872
22881
22888
22891
22895
22898
22902
22904
22916
22917
22918
22928
22931
22934
22935
22937
22938
22944
22956
22957
22964
22968
22970
22976
22977
22979
22981
22986
22994
22999
23001
23003
23010
23016
23017
23024
23031
23033
23035
23041
23049
23052
23053
23056
23062
23072
23074
23075
23081
23088
23093
23107
23112
23113
23114
23116
23117
23118
23123
23127
23133
23143
23154
23155
23160
23161
23163
23167
23172
23173
23183
23189
23191
23197
23199
23202
23205
23206
23207
23210
23212
23221
23229
23230
23242
23244
23245
23248
23251
23255
23258
23264
23268
23271
23275
23278
23288
23291
23292
23299
23306
23318
23325
23328
23331
23333
23335
23336
23339
23346
23351
23352
23364
23375
23378
23379
23381
23387
23390
23391
23392
23403
23404
23405
23407
23408
23413
23420
23428
23432
23433
23443
23447
23455
23459
23461
23467
23473
23479
23481
23485
23487
23490
23491
23496
23499
23504
23512
23515
23517
23537
23540
23551
23554
23562
23578
23579
23584
23587
23603
23610
23611
23614
23623
23625
23630
23634
23637
23638
23652
23656
23660
23669
23675
23682
23687
23688
23693
23697
23698
23700
23704
23706
23715
23717
23721
23728
23730
23738
23740
23746
23747
23748
23749
23752
23757
23759
23761
23779
23781
23786
23793
23797
23798
23799
23800
23808
23814
23816
23821
23828
23831
23834
23836
23842
23843
23845
23846
23847
23849
23854
23858
23859
23861
23864
23865
23875
23878
23881
23884
23886
23887
23889
23892
23895
23896
23900
23903
23905
23910
23912
23913
23917
23931
23939
23940
23941
23944
23948
23949
23950
23963
23970
23973
23974
23977
23981
23988
23993
24003
24006
24007
24017
24021
24026
24029
24032
24042
24044
24053
24060
24061
24066
24067
24069
24077
24080
24083
24084
24091
24096
24099
24105
24108
24114
24121
24127
24133
24137
24145
24149
24151
24152
24155
24160
24161
24166
24167
24168
24170
24171
24173
24175
24179
24180
24185
24189
24191
24193
24200
24208
24221
24226
24228
24231
24234
24242
24245
24247
24251
24259
24263
24266
24273
24287
24292
24294
24296
24302
24306
24315
24317
24318
24321
24322
24331
24333
24343
24351
24354
24361
24362
24366
24367
24370
24373
24374
24376
24378
24398
24400
24401
24405
24412
24415
24426
24427
24431
24438
24439
24440
24445
24452
24464
24466
24467
24474
24478
24492
24494
24495
24499
24500
24505
24507
24509
24515
24516
24519
24520
24521
24523
24525
24528
24539
24542
24553
24554
24564
24570
24571
24573
24574
24592
24596
24598
24600
24605
24608
24609
24610
24611
24614
24621
24622
24627
24630
24631
24632
24634
24638
24646
24650
24652
24654
24659
24663
24668
24672
24675
24677
24682
24686
24688
24691
24701
24710
24711
24721
24736
24741
24745
24749
24751
24752
24754
24756
24757
24759
24767
24772
24775
24776
24781
24783
24788
24790
24791
24792
24793
24800
24801
24803
24806
24815
24817
24821
24823
24824
24826
24828
24829
24831
24843
24844
24859
24864
24865
24866
24868
24869
24880
24884
24886
24887
24892
24898
24902
24910
24916
24920
24923
24924
24926
24927
24930
24936
24939
24942
24946
24955
24957
24959
24963
24964
24966
24970
24971
24972
24973
24983
24987
24997
24999
25005
25006
25007
25011
25012
25021
25023
25024
25025
25036
25039
25045
25049
25050
25058
25061
25067
25069
25070
25073
25078
25079
25080
25084
25085
25090
25097
25100
25108
25117
25118
25130
25139
25148
25154
25158
25160
25176
25177
25191
25196
25198
25199
25200
25204
25206
25210
25214
25217
25226
25228
25230
25232
25237
25244
25251
25255
25272
25281
25287
25298
25313
25319
25320
25331
25337
25341
25345
25346
25354
25363
25370
25375
25376
25377
25380
25381
25382
25385
25387
25392
25396
25402
25404
25405
25412
25415
25417
25420
25421
25425
25427
25428
25434
25448
25450
25463
25470
25479
25484
25485
25486
25495
25497
25499
25505
25506
25508
25509
25510
25515
25518
25519
25520
25526
25528
25537
25540
25545
25550
25553
25554
25557
25558
25561
25566
25570
25573
25579
25582
25588
25590
25601
25607
25610
25614
25615
25619
25638
25640
25642
25645
25646
25661
25675
25678
25681
25685
25686
25696
25698
25700
25704
25712
25714
25716
25720
25723
25733
25738
25743
25744
25746
25751
25753
25756
25761
25764
25775
25777
25782
25784
25785
25792
25794
25797
25801
25802
25807
25809
25814
25816
25821
25825
25831
25833
25854
25862
25864
25866
25869
25878
25883
25885
25886
25890
25894
25899
25904
25910
25925
25933
25938
25940
25945
25946
25950
25956
25958
25960
25961
25964
25968
25973
25979
25983
25985
25989
25991
25996
26000
26018
26023
26024
26025
26026
26027
26029
26038
26048
26050
26054
26059
26062
26063
26068
26070
26071
26073
26082
26083
26084
26087
26088
26090
26095
26096
26098
26100
26102
26105
26109
26111
26113
26118
26120
26124
26131
26133
26135
26136
26138
26139
26145
26160
26165
26175
26177
26183
26185
26187
26196
26210
26221
26223
26224
26227
26230
26238
26240
26242
26243
26254
26257
26259
26261
26263
26269
26271
26274
26280
26281
26285
26287
26290
26292
26294
26297
26298
26299
26300
26301
26306
26307
26310
26313
26318
26320
26322
26325
26327
26330
26332
26333
26335
26339
26353
26359
26361
26364
26366
26367
26371
26372
26379
26381
26384
26387
26390
26392
26393
26394
26396
26401
26402
26403
26404
26405
26409
26412
26418
26430
26434
26439
26440
26444
26445
26450
26457
26464
26475
26478
26483
26490
26494
26496
26506
26508
26513
26516
26526
26529
26531
26532
26536
26539
26557
26565
26569
26570
26572
26581
26586
26587
26592
26593
26594
26605
26607
26608
26617
26618
26622
26626
26627
26629
26634
26642
26646
26649
26650
26652
26656
26657
26661
26672
26676
26677
26678
26683
26684
26689
26691
26696
26699
26700
26701
26702
26710
26712
26715
26717
26725
26729
26730
26734
26736
26737
26739
26748
26749
26750
26751
26755
26762
26765
26767
26770
26778
26781
26786
26797
26804
26806
26814
26821
26826
26828
26837
26840
26844
26847
26859
26861
26868
26874
26875
26876
26877
26879
26880
26883
26890
26891
26894
26895
26898
26899
26906
26908
26910
26912
26917
26919
26931
26936
26937
26947
26955
26964
26971
26973
26974
26975
26985
26986
26990
26996
27000
27007
27009
27016
27034
27035
27036
27039
27040
27042
27045
27047
27062
27065
27073
27080
27081
27085
27088
27089
27090
27093
27097
27098
27100
27101
27111
27119
27120
27125
27130
27135
27137
27148
27149
27151
27159
27161
27164
27165
27167
27169
27170
27174
27175
27180
27181
27183
27184
27191
27193
27196
27199
27204
27212
27219
27227
27228
27244
27250
27251
27256
27259
27263
27266
27270
27273
27281
27288
27291
27299
27306
27310
27311
27312
27317
27322
27323
27337
27338
27341
27344
27345
27349
27353
27354
27358
27361
27362
27371
27372
27386
27387
27389
27397
27404
27410
27415
27420
27422
27423
27424
27428
27437
27442
27445
27448
27460
27465
27471
27481
27484
27491
27495
27505
27506
27507
27512
27515
27517
27529
27545
27547
27557
27561
27562
27563
27564
27569
27579
27581
27586
27590
27598
27603
27614
27615
27620
27624
27625
27629
27635
27638
27643
27647
27648
27655
27660
27661
27664
27669
27671
27674
27678
27679
27685
27686
27688
27697
27700
27701
27704
27711
27712
27714
27715
27718
27719
27723
27725
27732
27735
27738
27739
27742
27745
27757
27762
27773
27776
27777
27780
27782
27786
27790
27799
27802
27803
27811
27814
27819
27820
27821
27823
27825
27837
27842
27847
27852
27855
27865
27866
27868
27869
27870
27874
27892
27898
27903
27904
27907
27913
27914
27916
27919
27922
27924
27929
27931
27937
27939
27945
27950
27962
27966
27970
27972
27973
27974
27977
27994
27996
28001
28003
28005
28006
28009
28012
28025
28031
28032
28033
28036
28037
28039
28041
28045
28052
28063
28068
28072
28074
28081
28083
28093
28094
28100
28103
28118
28140
28147
28148
28149
28153
28155
28157
28158
28164
28169
28172
28180
28182
28183
28188
28190
28191
28192
28197
28201
28202
28207
28213
28214
28222
28228
28234
28235
28240
28241
28243
28248
28252
28254
28256
28258
28262
28281
28284
28287
28296
28301
28302
28308
28309
28313
28315
28332
28333
28334
28337
28342
28343
28346
28347
28348
28351
28360
28382
28386
28392
28393
28398
28400
28401
28403
28404
28414
28415
28416
28419
28423
28426
28431
28432
28436
28438
28441
28447
28448
28450
28452
28455
28457
28460
28464
28473
28484
28489
28491
28492
28496
28500
28502
28507
28508
28510
28513
28518
28519
28521
28529
28535
28537
28538
28544
28546
28549
28554
28559
28568
28580
28583
28584
28591
28592
28595
28597
28599
28601
28603
28604
28609
28611
28613
28614
28627
28630
28631
28634
28637
28640
28649
28658
28664
28668
28671
28682
28714
28715
28716
28717
28723
28726
28728
28732
28738
28743
28749
28753
28757
28762
28767
28776
28787
28794
28796
28799
28807
28815
28820
28823
28833
28838
28839
28852
28859
28862
28863
28865
28869
28876
28882
28887
28892
28894
28897
28900
28901
28902
28904
28914
28922
28923
28927
28932
28941
28943
28944
28948
28949
28956
28959
28976
28978
28982
28987
28989
28994
28996
29008
29023
29025
29027
29041
29044
29045
29046
29058
29064
29079
29082
29088
29103
29108
29113
29117
29120
29125
29127
29131
29133
29149
29150
29151
29152
29164
29167
29168
29170
29174
29175
29179
29180
29182
29186
29193
29194
29196
29199
29201
29203
29205
29206
29221
29229
29230
29231
29236
29237
29242
29252
29254
29258
29263
29266
29269
29286
29290
29291
29293
29297
29298
29299
29300
29305
29308
29310
29312
29323
29324
29336
29339
29340
29347
29351
29355
29363
29371
29376
29377
29379
29380
29382
29385
29394
29396
29401
29402
29405
29419
29423
29424
29425
29431
29433
29438
29440
29443
29446
29447
29449
29456
29457
29459
29463
29467
29469
29475
29485
29486
29493
29496
29497
29498
29507
29512
29518
29519
29520
29522
29523
29524
29527
29529
29530
29535
29539
29544
29546
29551
29554
29557
29561
29567
29568
29574
29579
29580
29581
29587
29588
29594
29602
29606
29608
29610
29611
29612
29613
29616
29617
29627
29632
29637
29640
29641
29645
29646
29647
29651
29656
29658
29670
29671
29672
29675
29678
29686
29688
29689
29695
29702
29704
29709
29713
29716
29721
29727
29735
29736
29738
29742
29755
29756
29765
29769
29770
29771
29772
29773
29774
29775
29779
29780
29785
29789
29792
29793
29807
29811
29816
29823
29838
29840
29841
29843
29846
29847
29851
29852
29861
29862
29864
29867
29879
29881
29883
29885
29892
29895
29898
29900
29903
29914
29920
29922
29924
29932
29951
29957
29984
29986
29987
29990
29998
30000
30004
30015
30019
30023
30028
30029
30032
30037
30038
30040
30057
30058
30061
30066
30068
30070
30074
30076
30080
30083
30085
30101
30109
30110
30113
30116
30119
30123
30128
30145
30148
30155
30158
30160
30166
30171
30173
30187
30191
30193
30194
30195
30198
30199
30200
30201
30203
30209
30210
30213
30226
30233
30246
30252
30253
30264
30269
30277
30281
30285
30287
30288
30290
30299
30304
30305
30307
30318
30323
30324
30333
30339
30343
30352
30355
30360
30362
30366
30367
30371
30373
30383
30387
30389
30399
30410
30413
30414
30420
30425
30435
30438
30442
30443
30444
30446
30452
30473
30477
30478
30486
30489
30490
30491
30507
30509
30512
30519
30520
30523
30526
30528
30529
30532
30544
30547
30557
30558
30559
30560
30561
30568
30572
30577
30581
30583
30591
30593
30599
30600
30615
30622
30635
30640
30643
30645
30646
30648
30655
30663
30664
30670
30678
30680
30681
30685
30686
30687
30692
30698
30704
30707
30709
30721
30723
30726
30728
30730
30733
30735
30736
30737
30743
30754
30756
30760
30769
30772
30773
30775
30777
30781
30789
30790
30796
30802
30804
30805
30806
30809
30812
30814
30818
30821
30824
30827
30838
30839
30843
30845
30863
30865
30866
30869
30871
30873
30876
30882
30883
30885
30886
30887
30888
30892
30900
30918
30925
30926
30930
30939
30940
30952
30965
30966
30971
30973
30982
30987
30990
30995
31005
31016
31017
31019
31024
31031
31034
31037
31041
31042
31044
31046
31047
31051
31055
31063
31064
31086
31092
31095
31097
31102
31103
31109
31113
31114
31118
31122
31130
31138
31140
31146
31155
31158
31159
31161
31162
31166
31167
31171
31192
31194
31198
31199
31204
31205
31207
31208
31210
31217
31220
31222
31224
31233
31240
31245
31248
31265
31266
31270
31275
31280
31284
31285
31289
31294
31299
31300
31302
31304
31306
31312
31320
31327
31328
31330
31332
31335
31342
31353
31355
31358
31363
31367
31370
31375
31384
31392
31399
31403
31410
31415
31426
31427
31430
31436
31437
31445
31460
31462
31465
31470
31475
31479
31480
31481
31484
31489
31497
31498
31499
31500
31503
31504
31513
31516
31518
31525
31543
31548
31561
31565
31566
31573
31575
31579
31584
31590
31594
31595
31599
31603
31604
31608
31611
31616
31619
31626
31628
31630
31635
31640
31642
31644
31645
31652
31653
31660
31663
31664
31669
31684
31685
31691
31694
31706
31707
31717
31720
31722
31726
31730
31731
31733
31738
31741
31744
31745
31746
31747
31748
31749
31751
31752
31753
31762
31772
31773
31776
31786
31787
31792
31800
31806
31812
31819
31820
31821
31823
31834
31835
31836
31838
31854
31855
31861
31864
31867
31886
31889
31895
31898
31902
31903
31909
31911
31921
31924
31929
31936
31940
31954
31959
31964
31979
31996
31998
32009
32010
32016
32021
32024
32026
32027
32033
32036
32037
32038
32045
32060
32063
32070
32076
32081
32083
32089
32092
32094
32095
32099
32103
32111
32118
32119
32122
32124
32130
32135
32140
32145
32147
32148
32159
32165
32166
32174
32179
32182
32183
32186
32188
32192
32199
32204
32213
32228
32229
32230
32243
32248
32250
32252
32253
32257
32258
32259
32264
32268
32269
32274
32276
32278
32280
32285
32287
32295
32298
32299
32300
32316
32322
32324
32326
32328
32330
32336
32338
32344
32366
32369
32372
32373
32374
32375
32380
32381
32393
32395
32398
32399
32403
32404
32406
32416
32417
32432
32437
32438
32439
32440
32442
32444
32450
32455
32456
32458
32459
32461
32467
32469
32473
32481
32482
32485
32492
32496
32497
32505
32508
32511
32521
32525
32526
32533
32535
32536
32538
32544
32554
32565
32570
32573
32576
32581
32582
32587
32592
32593
32597
32598
32599
32600
32602
32603
32612
32614
32620
32633
32636
32638
32642
32654
32661
32663
32666
32676
32678
32682
32697
32712
32713
32714
32715
32718
32727
32729
32736
32739
32741
32743
32747
32748
32751
32756
32762
32764
32767
162
0
256
257
2
258
6
264
9
266
267
13
14
271
276
21
278
279
26
28
284
29
285
34
35
291
292
37
43
303
49
305
53
312
58
59
61
62
318
63
64
321
322
324
325
72
329
333
81
337
82
338
83
339
85
86
88
89
345
90
347
352
97
353
99
100
356
101
359
360
361
109
365
110
366
114
371
116
118
374
119
376
121
379
124
380
384
130
387
388
390
136
393
138
394
139
397
142
143
144
401
402
147
404
150
406
154
158
159
415
416
418
163
166
422
423
168
425
426
171
173
429
430
175
432
177
178
435
436
438
184
442
189
194
450
195
451
197
198
456
204
205
461
206
208
211
470
471
216
221
477
223
224
480
229
231
235
239
244
248
251
252
253
