1907
4096
8193
2
4098
8194
4099
8202
15
4113
4115
8213
4121
8217
32
4128
8227
8228
4134
4135
41
8235
8236
8239
4144
49
4145
51
4148
55
8251
60
62
8260
4165
71
77
8269
4175
4176
81
8274
87
8280
8282
92
4190
4192
8295
8296
105
4201
8301
110
8302
4215
8313
8314
123
124
4222
129
132
8326
135
8328
8330
8332
141
8337
4244
150
4246
153
161
4257
8358
8359
170
4270
8367
178
179
4275
181
4277
183
8378
8383
195
4294
4299
4300
205
8399
209
4305
8405
214
8411
4319
4321
226
229
4328
4331
8430
8432
8433
4338
4343
8439
4344
4347
4348
253
254
259
8451
8453
4358
4368
8464
8466
4371
8467
276
8468
4375
280
8474
283
8476
4385
4386
8483
294
4391
4393
300
4398
8496
8497
306
8498
4403
309
310
8503
314
8506
8509
8511
4420
4423
328
4424
8523
4428
336
338
4435
4436
4437
4438
8541
4453
4455
8552
361
362
363
365
367
371
4471
8571
8572
8575
8577
388
389
390
8582
4488
394
4492
8589
4497
402
4500
4502
8600
8604
415
8610
8613
424
4522
4523
8621
8622
432
4531
8627
438
439
4535
8634
8636
445
4541
446
4542
448
4544
8641
4547
8643
4550
4554
8653
8658
4563
470
8662
4567
4568
4572
480
4579
4580
485
487
8690
8692
505
506
4605
4612
4614
8711
4621
8717
527
4626
4627
4630
539
4636
541
4640
8739
4645
8742
554
556
559
4655
4658
564
565
4661
4662
4663
8762
4667
574
4672
580
8790
8791
605
8797
607
4703
609
8802
8807
4714
4715
4716
8816
625
4722
628
630
8832
644
645
8838
4745
4746
8842
651
4747
658
660
8857
8858
4764
8863
4768
4772
4774
679
8873
8875
4786
691
692
4789
697
8890
4796
703
4799
4805
710
4807
715
8907
718
722
723
724
8923
733
740
742
8935
745
4841
747
748
750
751
754
4851
8948
4853
8949
4854
8950
8952
4857
8956
4862
8958
4863
4864
8961
771
8963
4868
773
780
8972
782
8974
783
784
8976
4881
4882
8979
4884
8980
8981
8990
801
4902
808
9000
815
9007
817
818
4915
820
4919
9015
9017
9019
4924
4925
830
9022
9023
4928
4932
9030
9035
9036
4942
9040
4946
851
9044
856
9048
9049
4954
4956
9052
4959
865
4964
872
4968
873
4970
876
9070
4975
4976
884
4981
886
887
888
9080
889
4985
9082
4988
9084
9087
898
9091
902
9095
9096
9098
907
5006
5007
916
5012
9108
919
5016
9114
923
5019
924
925
5021
5022
927
9119
928
9123
9124
934
9128
9129
5034
5036
943
5039
5040
9138
9143
5052
5054
959
9151
9157
967
9159
968
5064
9160
970
5066
974
5071
976
9169
5075
5076
5078
9174
9175
984
5081
989
5088
9184
9189
999
1002
5098
9194
1003
5102
5106
9203
1016
9208
1020
5121
9217
1031
5127
1032
1033
5130
5134
5135
1040
1041
9235
1045
9239
5146
9242
1051
5148
1059
1062
9254
5162
5166
9262
5167
9266
5174
5175
9271
1080
1081
1083
9278
1087
1090
1092
5192
9289
5195
9292
9294
9298
5203
1108
9303
5208
1115
9308
9309
5214
5215
5220
5226
1131
5227
1133
5229
9326
9329
1138
1142
9338
9339
1149
5247
5248
1153
5250
5251
5252
9349
1159
9351
5260
1165
5266
9363
5268
1173
5269
9366
1175
5272
9369
1182
9374
1183
9375
9376
1188
1189
1193
1194
5291
5294
1199
5296
5297
1202
1203
1204
9400
1209
5306
9404
5310
9407
5312
1221
1222
1226
9418
9419
1229
9422
1235
9427
1236
9435
9438
1247
9439
1248
9440
9441
1251
5347
5348
9445
5350
9447
1257
9454
9455
1266
5363
9461
5368
1275
9468
5373
5376
9472
1282
5378
9476
1286
9479
9481
1291
9486
1297
9490
9492
5398
5399
5406
9502
5407
9503
1313
5409
5410
9509
9510
5415
1321
1323
1325
1334
1336
1337
9531
1340
9534
5440
9537
5443
9539
1352
1355
5453
5457
1363
9558
1368
1369
1370
9564
1374
9568
5476
9572
5480
5483
1388
5488
1394
1398
9590
1403
5499
9595
1404
9596
9598
1407
5505
1410
5506
1412
9605
1417
1419
1422
1424
5521
5524
5525
1430
5526
5527
9623
9624
9625
5530
9627
5533
5534
1439
5538
5539
9635
1444
1445
1448
5544
9643
1452
5549
9647
5555
1460
5557
5559
1465
9657
9659
9663
5571
1476
9668
1478
9672
1481
5577
1486
1489
5589
5590
9686
1495
5591
9690
1502
9695
5600
5603
9701
1510
5607
1521
9714
1524
5620
5622
9718
9719
9721
1530
9723
1533
5631
9728
1540
9737
5644
1553
9745
1556
5652
9750
9752
9753
1564
9759
5664
5666
9762
1574
9766
1578
9770
1579
1585
5683
9781
1595
9787
5692
9794
9795
9796
5702
5703
1610
9802
9807
5712
5713
9809
1618
1620
5716
1624
9818
9819
9822
1631
9826
9830
5739
5740
9837
5742
9841
5747
9843
1655
5759
5760
9856
1666
5762
1672
9867
9868
5773
9869
5774
5777
5782
9882
5790
9886
1699
5795
5799
1708
5805
9904
9905
5810
5813
9913
1723
5820
9918
1727
9919
1736
5840
1747
1748
5844
5845
1750
5849
9946
1755
5855
1760
5856
1761
9955
5861
9957
5862
1768
5867
1772
5868
5869
9965
1775
5871
9969
1778
9970
1781
9974
5884
9981
1791
9985
5890
1800
10000
1809
1810
10003
1813
5912
10008
10009
10010
10011
5916
5917
1823
10015
5921
5924
5933
1840
5947
10045
5950
1858
5954
5955
10052
5958
10054
5960
10059
1868
1872
1873
1879
10073
10074
5979
1884
5981
10077
10079
5989
10087
5993
5994
1903
5999
6001
1908
6004
10100
1910
1912
1916
6012
6013
1918
10111
6018
1924
1926
10120
1929
6026
1932
1933
1934
1935
1941
6037
1943
10135
1944
10136
1949
6048
6052
6054
6057
6058
10154
6059
6061
1975
1976
1978
10170
1981
10179
6084
6086
6088
1994
1996
1997
10189
1999
6095
10192
2002
2003
6101
6110
6113
10211
6121
6122
2029
10221
2030
2033
6136
6137
2042
10234
6141
6145
2051
6148
10248
6153
6155
2060
6157
10266
10267
10270
2079
6176
2081
2084
6184
10280
2090
6186
2098
2102
10294
6203
10300
6205
10302
6207
6208
2115
10307
6213
6214
10310
2121
10313
10318
6223
2128
2129
10322
2131
10323
6231
6234
10334
2143
2152
10344
10345
10352
10353
6259
10356
10358
6264
10361
6266
6268
10365
6272
10368
2178
6276
2181
6280
10377
10383
2193
6289
10385
2196
6296
2203
2205
2207
6304
2214
6310
6311
2218
10412
6317
2222
10416
6321
10419
6324
2230
2234
10428
10429
6335
10432
6338
6343
2248
6347
2252
6348
2254
10448
2260
2263
10456
6361
6362
10460
6365
6366
10463
2273
10465
2274
2277
10470
10472
6381
2287
2290
6387
2293
2297
6394
10492
2307
6405
10504
2316
10508
6413
10509
2321
10513
10514
2324
2328
6424
10521
10522
2331
10524
2335
6431
6432
6433
6434
2339
6435
10532
10535
2346
2347
6444
10540
2357
6453
10549
10554
10555
10556
2366
6462
6463
6465
6466
10564
10567
10569
2380
2384
6483
6486
10584
2393
10587
6492
2397
2399
6495
2401
6500
10596
2408
6505
10602
6508
2415
6514
2419
6516
2424
6521
6525
10621
2430
6526
2432
6531
10627
2436
6536
10634
2443
10639
2448
2449
6545
2450
10642
2453
10646
2460
10655
10656
10657
6563
6566
2471
10665
2477
10670
10672
10674
6582
2488
2491
6587
10685
6590
10688
2497
2499
6595
2500
6599
6601
10697
2512
2514
6611
2518
10711
10714
6620
6623
6626
10722
2532
6628
10724
2533
6629
10726
6632
6637
6638
10734
2547
6644
10741
10742
6647
10746
10748
6653
10750
10754
6660
2569
10763
10764
6670
10767
2578
10770
6675
2585
10781
2593
6690
10786
6693
10789
6694
10792
6698
2604
10797
6703
2608
6704
2609
10801
10803
2612
6708
2613
2615
10807
10810
6720
10816
2625
2626
10819
6726
6730
10829
6735
10832
6741
6743
2649
2650
10845
6750
10846
2655
10849
6754
10852
10853
6766
2671
10869
2685
10877
2686
10878
6783
2690
10882
10885
10892
2701
6799
2705
2709
2710
2711
10904
6810
2715
6811
2717
10909
6821
10918
10926
10933
2742
6843
2750
6846
10942
10943
6850
10952
6858
10954
6859
2767
6864
2769
10961
2770
6866
10962
6873
10973
10974
2788
10980
10981
6888
6893
2798
6896
6898
2805
2806
6906
11006
11007
2819
11012
2823
6919
6925
11021
2830
6926
2831
2832
11024
2836
2842
6939
2845
2846
6943
2848
2850
6946
6948
2853
11047
11051
2862
6960
11058
11060
11061
11064
11065
2874
11067
2876
6972
2878
6974
6975
2880
6976
11072
11075
11080
6986
2891
6992
6993
2899
6997
11093
2902
11097
7003
2910
11105
2916
7013
11111
7017
7018
7019
11115
2926
7026
2931
11124
11130
11132
7039
7041
7045
11142
11143
7048
11146
7051
2957
11154
2964
7061
11157
11167
2980
11174
7080
7081
11180
11183
2993
7089
11185
11186
2995
2996
7092
11188
2998
7094
2999
11192
7103
7105
11201
11202
7109
11209
11211
7118
11214
11217
11219
3032
3033
7130
7132
7133
11231
7141
7143
11240
11244
3053
11245
7151
3056
11248
3057
11251
7161
7163
3068
7164
7165
11261
3071
7170
3075
11267
3076
11268
11272
3081
3084
7180
11277
11279
11280
3091
11286
3096
7192
3098
7194
7195
3100
7196
3109
7205
3113
11306
3115
7211
11308
3119
3121
11313
7218
7219
7224
11320
11326
7231
7232
11329
3138
11331
11332
11333
7239
3146
3152
7251
11352
3163
11360
11363
3174
7271
3179
7275
3181
3183
7279
11379
11383
7289
11387
7292
11389
11396
7304
11401
7314
3223
7319
3225
11417
7323
7325
7326
11422
3231
7332
7334
3240
11435
7345
11441
11442
3253
7349
3254
7357
7358
11454
11455
11457
3269
7365
3270
3273
7378
3284
7380
3286
11481
7387
11483
7388
3293
11491
3301
11494
11499
7406
11502
11504
3313
3319
7417
11514
3325
11519
7424
11520
7431
11527
7432
3342
7438
7440
3345
7442
11538
11540
7445
3360
7469
7472
3377
3379
3385
7484
3389
7487
3393
7489
3394
7492
3399
7503
3408
7508
7509
7517
7519
3425
7526
7530
7532
3440
3443
7551
3459
7560
3467
3471
3472
3475
7574
3481
3485
7582
7584
7585
7590
7591
3499
3505
3507
3509
3522
7618
7621
7623
3533
7632
3540
7636
3546
3548
7648
3553
3555
7655
3561
7663
7664
7669
3577
7673
7676
7677
7678
3586
3587
3591
3597
7693
7696
3604
3606
7702
7707
3619
7715
7716
3621
7717
7723
3630
3632
3633
3635
3636
7732
3640
7736
3643
7744
3650
7753
7758
7762
3667
7764
7768
7769
3678
7774
7780
3689
7789
3694
3695
3698
3702
3703
7799
3707
7805
7806
7810
3716
7820
7822
3728
7825
7834
3740
7836
7839
7840
3745
7843
7847
3753
3757
3760
7857
3763
7861
3769
3771
3778
7875
7878
3784
3785
7883
7887
7888
7889
3795
7891
3799
7896
7897
7902
3810
7910
7915
3821
3823
3824
3827
3829
7926
3837
7937
7940
7945
7948
7951
7952
3860
7956
7959
7961
7963
3869
3871
3872
7969
7974
7975
7977
3894
7990
7992
3911
3914
3923
8025
8026
8027
3933
3939
3942
8048
8053
3958
3962
8058
3963
3965
8062
3969
3977
3980
3992
3993
8098
8104
8106
8107
4020
4023
4029
4032
8133
8135
4043
8142
4048
8144
4049
4056
4057
4058
8155
4060
4063
4074
4075
4077
4080
8177
4086
8185
15
322
134
199
359
9
106
234
76
77
335
20
22
281
29
351
