16056
32769
32770
4
32772
6
7
8
9
11
32779
12
14
32782
15
16
32784
17
18
19
32787
21
32789
32790
23
32793
26
32794
27
32795
28
31
32
33
34
32803
32804
37
38
32808
41
42
44
32812
45
32813
32814
48
49
32818
51
54
55
32823
56
32824
57
61
62
32830
63
32831
64
32833
67
70
32838
32839
72
73
74
32842
75
76
78
32846
79
80
81
82
83
84
32852
85
86
87
88
89
32858
91
32859
93
94
95
96
97
32865
99
101
102
32871
104
32873
106
32874
108
110
111
112
113
114
32882
115
32883
117
32885
118
119
121
122
32890
123
126
128
32897
131
32899
132
32900
133
32902
135
32903
136
32904
137
32906
139
140
32908
32909
144
32913
146
32914
147
148
149
32917
151
152
32920
153
154
155
32923
156
157
158
159
160
161
32929
162
163
164
165
167
32935
169
170
32938
171
32939
173
175
177
178
32948
184
185
187
190
191
193
32961
32962
195
197
198
199
32967
201
203
204
206
32976
209
32977
210
211
32979
213
216
217
32986
219
220
221
222
223
225
32993
226
32996
229
230
232
233
33002
236
33004
237
33006
239
241
33009
242
33010
245
246
247
249
251
33019
254
33022
255
256
257
33025
258
33026
260
264
266
267
270
272
274
33042
33044
277
279
281
282
283
287
288
33056
33058
291
292
293
33063
296
297
299
301
33069
303
306
307
308
309
310
311
312
313
33082
315
316
317
318
319
33088
321
322
33090
324
325
326
33095
328
331
332
333
33101
335
336
33105
33106
339
340
341
342
343
344
33112
347
33116
349
350
351
33119
352
353
355
356
357
358
359
360
33129
33130
363
364
365
33133
366
367
368
369
370
33138
371
372
373
33142
376
377
378
379
380
381
383
384
385
33153
386
387
391
393
394
396
33164
397
398
399
402
33170
406
33175
408
409
33179
413
33181
414
415
416
33184
418
33186
420
421
422
423
33192
425
33193
426
427
428
33196
429
33197
432
433
33201
434
33203
436
437
438
33206
440
443
444
445
33214
448
449
454
33222
455
33224
458
33226
459
460
33228
461
462
33230
463
33231
33232
465
466
33237
470
471
473
33241
474
477
33245
478
33246
479
33247
481
33250
484
485
486
33255
488
489
33257
490
33258
492
33260
493
495
33263
33264
498
33266
499
500
501
504
506
507
510
511
516
517
33285
518
519
520
522
524
525
526
527
33295
528
529
33297
530
531
33299
33300
33301
534
33302
535
33303
537
538
539
540
541
33310
543
544
546
547
548
33317
551
33319
552
553
554
33322
555
556
557
558
560
562
563
564
565
566
567
33335
568
570
571
33339
33340
573
575
577
578
579
580
582
33350
583
584
585
586
587
588
589
33357
591
33359
592
593
33364
598
599
33367
33368
601
33370
603
604
33373
33376
609
33377
610
615
616
33384
617
619
33387
620
622
623
624
625
627
630
33398
631
632
633
33403
636
33404
638
639
33407
640
33408
641
642
643
33411
644
645
646
33414
647
649
33417
650
651
33420
653
33421
654
655
656
658
33426
661
662
664
665
33433
666
667
668
669
670
672
673
674
675
33444
679
680
33448
33449
33450
684
689
690
691
33459
694
695
33463
696
697
698
33466
699
700
701
703
704
705
706
707
709
710
712
713
714
716
717
33485
720
721
722
33493
726
33495
728
729
730
33499
33501
734
33502
735
736
738
740
743
33511
33513
33514
33515
748
749
750
33518
751
752
33520
753
33521
755
758
33526
760
762
763
764
33532
765
767
768
33536
771
772
773
774
775
33543
777
33545
779
780
782
783
33551
785
33553
787
788
790
791
33560
793
33561
794
795
33563
797
798
801
802
33570
803
805
33574
807
808
33576
809
33577
810
812
815
33583
816
819
820
33588
821
33589
822
823
33591
826
827
828
830
33600
834
33602
33603
839
33607
840
33608
841
843
33611
845
33614
33616
849
850
853
854
855
33623
856
33624
860
861
33630
33632
865
33633
33635
868
33637
871
872
873
874
33642
876
879
880
33649
883
33651
884
885
33653
888
33657
890
891
33660
893
894
896
897
898
901
902
33670
903
904
33672
905
33673
906
907
33675
908
33676
909
910
911
912
33680
913
916
917
918
923
925
926
33694
927
929
930
33698
931
33699
934
935
936
937
33705
938
939
33707
940
942
943
33711
944
946
947
33716
949
950
951
952
954
955
33723
956
33724
957
33725
959
33727
961
962
963
964
965
966
967
968
33737
970
33738
971
33739
972
973
974
33742
977
979
981
33751
33753
986
33754
987
989
33757
990
991
992
993
996
998
999
33767
1000
1002
33770
1004
33772
33774
1008
1009
33777
1010
1011
33779
1012
1013
33781
1016
1017
33785
1019
1020
33788
1021
33789
1022
33790
1023
1024
1025
1026
33794
1027
1028
33797
1030
1032
1034
1035
1036
33804
1037
33806
33807
1041
1042
33811
1044
1045
1047
1049
1050
1051
1052
1053
33821
1055
1058
1059
1060
33828
1061
33829
33831
1064
1065
33833
1066
33834
1067
1069
1071
1072
1073
1074
33843
1076
33844
1077
33845
1079
1080
1081
1082
33850
1083
1084
1085
1086
1087
33855
1088
33856
1089
33857
1090
33858
1092
1093
1094
1095
33863
1096
1098
1099
33868
33869
1105
33873
1106
33875
1109
33877
1113
1115
1116
33884
1117
33885
33886
1119
33887
33888
1121
1122
1123
33891
1124
33892
1125
1126
1127
33895
1128
1129
1130
1131
1133
33901
1134
1135
1136
33904
1137
1138
33908
1142
1143
33911
1145
33913
1149
1150
1151
1152
33920
1153
33921
1155
1156
1158
1162
1163
33931
1164
1165
1167
1169
1170
1171
33939
1172
33940
1173
1174
1175
1176
1179
33947
1181
1182
33950
1184
1185
1186
33954
33955
1188
1190
1192
33960
1194
1195
1196
1197
1198
33966
1200
1201
1202
1204
33972
1205
33973
1206
1207
33975
1208
1210
1211
33979
1212
1213
1214
33983
1218
33986
1219
1220
33989
1222
1225
33994
1227
1228
1230
1231
34000
1233
34001
34002
1235
1236
1237
34007
1240
34009
1242
1244
34012
34014
1248
34016
34018
1252
1253
1254
34023
1256
34027
1262
1263
34032
1265
34033
1269
34037
34039
1272
1273
1274
1275
1277
1278
34046
1279
1281
1282
34050
1283
1284
1286
1288
1289
1290
34058
1293
34061
1294
1295
34065
34066
1300
1302
34070
1303
34071
1304
34072
1305
1306
1307
34075
1308
1311
34079
1312
34080
1313
1315
1316
1317
34087
1321
1323
34093
1327
1329
1330
1331
34099
1333
34101
1334
34102
1335
34104
1337
1338
1340
1342
1343
34111
34112
1346
1347
1349
34117
34119
34122
1355
1356
1358
34129
1362
34130
1363
34131
1364
34132
1366
34135
1368
1369
1370
1371
34141
34142
34144
1377
34145
1379
1383
1384
34152
1385
34154
1387
34155
1389
1390
34158
1392
34161
34164
34165
1398
34166
1400
34169
1402
1403
1404
1407
1408
1412
1413
1416
34184
1417
1418
1420
1421
1423
1424
34192
1426
1427
1428
34196
1429
1431
1433
1434
1436
1437
34205
34208
34209
1442
34211
1444
34212
1445
34213
1447
34215
1448
34216
1449
1450
1451
1453
1454
1455
34226
1460
34228
1462
1463
34232
1466
1467
1469
1470
1471
34239
1473
1476
1477
1478
34246
1479
1480
1482
1486
34254
1487
34255
1488
1489
1491
1493
1494
1495
1498
34266
1499
1500
1502
34270
1503
34271
1504
1507
1509
1510
1512
1513
34281
1514
1516
34285
1519
34287
1521
1522
34290
1523
1524
1526
1527
1529
1530
1531
1532
34301
1534
1536
1539
34309
1542
1543
1544
1546
1547
1549
1550
34318
1551
1553
1554
34322
1555
34325
1558
34326
1559
34327
34328
1561
34329
1564
34333
1567
34338
1573
34342
34343
1576
1577
1578
1579
1580
1581
1586
34354
1588
1589
1591
1592
1594
1597
34365
1598
1599
1600
34369
1602
1603
34371
1606
1607
34376
34377
1610
1614
1616
1618
1619
1620
1621
1622
1624
1625
1627
1628
1629
1630
1632
1633
34401
1634
34402
1635
34404
1637
34407
1640
1641
34409
1643
1644
1645
1646
1647
1649
1650
1651
1652
34420
1653
1654
1657
1658
1659
34427
34428
1664
34432
34435
1668
1669
1670
34440
34442
1675
1676
1677
34445
34446
1679
1680
1681
34450
1683
34451
1684
1685
1687
1688
34456
1689
1690
1692
1694
34462
1696
1698
34469
34471
1705
34473
1706
1707
1708
34476
1710
34478
34482
1716
1717
1718
1719
1721
1724
1725
1726
1727
1728
34498
1731
1733
1734
1735
1736
34504
34509
1742
1743
34511
1744
34512
1745
1748
34516
1749
34517
1752
1753
1754
1757
34525
1758
1759
34527
1761
1762
34530
1763
34533
1766
34534
1768
1769
34538
1771
1772
1775
34544
1777
34545
1778
1779
1780
1781
1782
1784
34552
34554
1787
34555
1788
1789
34558
34561
1794
1795
34564
1797
1798
34567
1800
1801
1802
1803
1804
1805
1806
1807
1808
1809
34578
1811
1812
1813
1815
34586
1819
1820
1821
1824
1825
1828
1829
34599
1832
1833
1834
34603
1836
34604
1837
1838
34606
1839
1840
1841
34609
1843
1845
34613
1846
1847
1848
1849
1850
34618
1851
34619
34620
1853
1854
1857
34625
1858
1859
1860
34628
1861
34630
1863
1864
1865
1866
1868
1869
1870
34638
34639
1873
1874
1875
1876
1877
1878
1879
1880
1881
34650
1884
1885
1888
1890
1891
34659
1892
1893
34661
34662
34663
1896
34664
1897
34665
1899
1900
34668
1901
34669
1902
1903
34672
1905
1906
1907
1909
1910
34678
34680
1913
1914
34682
1915
1916
34684
34686
1919
1920
1921
34689
1922
1923
1925
1926
1928
34696
1929
34697
1930
1931
1933
1934
1935
1936
34704
1937
1940
1941
1942
1943
1944
1945
1946
34714
1947
34715
34716
1949
1950
1951
1952
34721
1955
34723
1956
1957
1958
34726
1959
34727
1960
34730
34731
1964
1965
1966
1968
34736
1970
1971
1973
1975
1976
1977
34745
1978
34746
1979
34747
1981
1983
1987
1988
34756
1989
34757
1990
1991
34760
1993
34761
1994
34764
1998
1999
34767
34768
2001
2002
2003
2004
2005
2006
2008
2009
2010
2011
2012
2013
34781
2014
2016
2017
2018
34787
2021
34789
2022
2023
2024
2025
2026
2027
2028
2029
34798
2031
2032
2033
34801
2034
2035
34804
34805
2038
34806
2039
2040
34808
2041
2042
2043
34811
2045
34813
2046
34814
2047
2048
2049
2051
34821
34823
2056
2057
2058
34826
2059
2060
2061
2062
34830
2063
2064
2066
2067
2068
2069
34837
2070
2071
2072
2073
34842
2075
2076
2078
2079
2080
2081
34849
2082
34850
2084
2085
34853
34855
34858
34860
2093
34861
2094
2096
2097
2099
2100
2101
2102
2103
2105
2106
2107
2108
2109
2110
2111
34879
34880
2113
2114
2115
34883
2116
34885
2118
2119
2120
2122
34890
2125
34895
2130
2132
34900
2133
2134
34902
2136
2137
2140
2144
2145
2146
34914
2147
2148
2149
2150
2151
2153
2154
2155
2156
2158
2160
34928
2161
2164
2167
2168
2170
2171
2172
2173
34941
2175
2176
2177
2179
34948
2181
2182
2184
34952
2185
34953
2186
34954
2189
34957
34958
34959
2192
34960
2193
34961
2195
2196
2197
2198
2199
2200
2201
2202
2203
2204
2205
2207
34975
2208
2209
2210
34978
2211
2212
34980
2213
2216
34984
2218
2219
2220
2221
2224
34992
2225
2226
2227
2229
2231
2233
2234
35002
2235
35003
2237
2238
2239
2240
2241
2242
2243
35011
2245
2246
35014
2247
35016
2250
2251
35019
35020
2254
35022
2256
2259
2260
2261
35030
2263
2265
35034
2267
35035
2268
35036
2269
2270
35038
2271
2272
2273
35042
35043
2277
35045
2278
2279
35048
2281
2282
35050
2286
2288
2291
2292
2293
35064
2297
2299
2300
2301
2302
2303
35071
2304
2305
35073
2307
35075
2308
2309
35077
2310
35078
2311
35079
2312
35080
2314
2315
2317
2318
2320
2321
2326
35095
2330
35098
2331
2332
2333
2334
2335
2337
35106
2339
2343
2345
2347
35118
2351
2352
2353
2354
2355
2356
35124
35125
2358
2360
2363
2365
35133
2366
2368
2369
2370
35138
2371
35141
2374
2376
2377
35145
2378
2379
2380
35148
2381
2383
35151
2384
2385
2387
35155
2388
2389
35157
2390
2391
35159
2392
2393
2396
35164
2397
2399
2400
2401
35171
2404
35174
2407
2408
2410
2413
2414
35182
2416
2417
2419
35187
2422
35192
2425
35194
2427
35197
35198
2431
35199
2432
2433
35201
2434
2435
2436
35204
2437
2438
2440
2444
2445
2447
35216
2451
35219
2452
35220
2453
2454
35222
2455
2456
2457
35226
2459
2460
35228
2462
35230
2464
35232
2465
2466
35236
2471
2473
35245
2478
35246
2479
2480
35248
2481
35250
2483
2484
35252
2485
2486
35255
2489
2491
2492
2494
35262
2495
35263
2496
2497
2498
35266
2499
35269
2502
2503
35271
2504
2505
35273
35274
2508
2509
2510
2511
2512
2515
35284
2517
2518
2519
2520
35289
2522
2524
2526
35294
2530
2531
35300
2533
35301
35302
2535
2540
2541
2542
35310
2544
2545
2546
2548
35316
2550
2551
2552
35323
2556
2558
2559
2560
35328
2561
2562
35331
2564
2566
2567
2568
35336
35337
2570
35339
2572
2573
2574
35342
2575
2576
2577
35345
2578
2579
35348
2584
2585
2587
2588
2591
2592
2593
2595
35363
35364
2597
35365
2599
2600
35368
2602
2603
2606
2607
35375
2608
2609
2610
2612
2614
35382
2615
2616
2617
2619
2620
2621
2622
2623
2624
2625
2626
2628
2629
35398
35399
2632
2633
35401
2635
2637
35407
2640
2641
2642
35410
2643
2644
35413
2646
2647
35415
2648
2650
35420
35421
2654
2655
35423
2658
2659
2660
2661
2663
2664
35432
35435
2668
2673
2674
35443
2676
2677
35445
2678
35446
2679
2681
2682
35450
2683
2684
2685
2687
2688
2689
2690
2691
2692
2694
2695
2697
2698
35466
2699
2700
2701
35470
2705
35473
2706
2707
2708
2709
35477
2710
2712
2713
35481
2714
2715
2717
2718
2720
2722
2723
2724
2725
2726
35494
2727
2729
2730
35498
2732
35500
35501
2734
2736
2737
2738
35506
2739
2740
2741
2742
35510
2744
2745
35513
2746
2747
2750
2751
35520
2754
35522
2757
35528
2761
2762
35530
2764
2765
2766
2767
2768
35536
2769
2770
2771
2772
2773
2774
35542
2775
2776
2777
2778
2779
2780
2781
2782
35550
35551
2785
2786
2788
35557
2792
2793
2794
2795
2797
2798
2799
35567
35568
2801
35569
2805
2806
2807
2808
2809
35577
35579
2812
2813
2814
2815
35583
2816
2817
35585
2819
2822
2823
2826
2827
35596
35599
2832
2833
2835
2836
35604
35607
2840
35609
2842
2843
35611
2845
35613
2849
35619
35620
2853
2854
2855
2857
2858
2859
2862
2863
2865
2866
35634
2867
2870
2873
35641
2874
2875
35643
2876
2877
2879
2880
2881
2882
35651
2884
2885
2886
35654
2887
35656
2889
2890
35658
2891
2892
35660
2893
35662
35663
35664
2897
35665
2898
35668
2901
2903
2904
2905
2909
2910
2911
35679
2912
2913
2916
2917
2918
35686
2919
35687
2920
35688
35689
2923
2926
2927
2929
35697
35698
2931
2933
2935
2936
35704
2937
35708
2942
2943
2944
2946
35714
2947
35715
2948
35716
2949
2950
35719
35720
2953
2955
35723
2956
2957
2959
2960
2962
2963
35731
2964
35732
2966
2968
2969
2970
35738
2971
35739
2973
2975
2976
35745
2978
2979
2980
35748
2981
35750
2983
35751
2985
35753
2986
2990
35758
2991
35759
35760
2993
2994
2995
2996
2997
35765
2998
3001
35769
3003
3004
35772
3005
3006
3007
35776
3011
3013
3014
3015
3016
3020
35788
3021
3022
3023
3024
3025
3026
3029
3030
3031
3032
3033
3035
3036
3038
3040
35808
3042
35810
3043
3044
3045
3046
3047
3048
3049
3050
3054
35822
3055
3056
35825
3058
35826
3059
3060
35829
3062
3063
35831
3064
35832
3065
3066
3067
35835
3068
35837
3070
3072
35840
3073
35841
3074
3075
35843
3076
35844
3077
3078
3079
3081
35850
3084
35853
3087
35855
3088
3089
35857
3090
35858
35859
3093
35861
35862
3095
3096
3098
3101
3102
35870
35871
3104
3105
3107
3108
35876
3109
3110
3111
3112
3113
3115
3116
35887
3121
35889
3122
35890
35891
3124
35892
3125
3126
3127
3129
3130
3131
3132
3133
3134
35902
3135
3137
3141
3143
3145
3146
3149
3151
35919
3152
3153
3154
3156
3157
3158
3159
3160
3161
3162
3164
35932
35933
3166
35937
3170
3171
35940
3173
3175
35943
3177
3178
35946
3180
35949
3182
35951
3184
35952
3186
3187
3188
3189
3190
3191
3192
35960
3193
35961
35962
3195
35963
3196
35967
3200
3201
3202
3203
35971
3206
3207
3208
3209
3210
3211
3212
35980
3213
3215
35983
35984
35985
3218
3219
35987
3220
3221
3222
35990
3223
3224
3225
3226
35995
3228
3229
35998
36000
3233
36002
36005
3238
36006
3240
3241
3243
3245
36014
3247
36018
3253
36021
36023
36024
3257
3258
3259
36028
3261
36030
3263
3264
36032
36033
3266
36034
3268
3270
3271
36039
3272
3273
36041
36042
3275
36043
3276
3277
36045
3278
3279
3281
36049
3283
3284
3285
3287
3290
3291
3292
3294
3295
3297
3298
3299
3301
3305
3306
36074
3307
36075
3308
3309
3310
36081
3314
36082
3315
3316
3317
3318
36086
3319
3320
36088
36090
3323
3324
3325
36093
3327
3329
36097
36098
3331
3332
3333
3336
36105
3338
3339
3340
36108
3342
3344
36112
3345
36113
3346
3348
36116
3349
3351
3353
3354
3355
36123
3356
3357
3358
3359
36127
3361
3362
3363
3364
3368
3369
36138
3371
36141
3374
3375
3376
36145
3378
36146
3379
3380
3381
3382
3383
36152
3385
3386
3388
36156
3390
36158
3392
36160
3393
3394
3395
3396
3398
3399
3400
3403
36172
3405
3406
3407
3408
3409
36177
3410
3412
36181
3414
3415
3417
36185
3420
36188
3421
36189
3422
3424
3426
36194
36195
3428
36197
3430
36198
3431
36199
3432
36200
3433
3434
3435
3436
36205
3438
3440
36208
3441
3442
3443
3444
3445
36214
36215
3449
3450
3451
36219
3452
3453
36221
3454
3455
36224
3457
3459
36228
3462
3463
3464
36233
36234
3467
3469
3470
3471
36239
3472
3474
3475
36243
3476
3478
36246
36247
3481
3482
3483
36251
3484
36252
3486
3487
3488
36256
3489
36257
3490
36259
3492
36260
3493
3494
3495
36263
3496
3498
36266
3499
3500
3502
3503
3504
3506
3507
36275
3509
36277
3510
3511
36279
3512
36280
3514
3516
36284
3517
3518
3519
3522
3523
3524
3526
36296
36298
3531
3532
36300
3533
36303
3539
36310
36311
3544
3545
3548
36316
3549
3550
3551
36319
3552
3553
3555
36324
3557
3559
36327
3560
36328
3561
3562
3563
3564
3565
36334
3567
3568
3569
3570
3572
3575
36344
36345
3578
3579
36347
3580
3582
3583
3585
36355
3589
36357
3591
36360
3593
3594
36362
3595
36363
3596
3597
3598
3599
3600
36370
3603
3604
3605
36373
3606
36374
3608
3609
36377
3611
36379
3612
36382
3615
3616
3618
3620
3622
3624
36392
3625
3626
3628
3629
3630
3632
36400
3635
36403
3637
3638
3640
3641
3645
3646
36414
3647
3649
3650
36418
3651
36419
3652
3653
36421
3656
3657
3658
3659
3660
36428
36429
3664
3665
3666
3667
36435
3668
36436
3669
36439
3672
36440
3673
3674
3676
3677
36445
3678
3679
36447
3681
3683
3684
36452
3685
3686
36454
3687
3688
36456
3689
3691
3693
3694
3695
36463
3697
3698
3700
3701
36469
3702
3703
36471
36472
3706
3707
36475
3708
36476
3710
3712
3713
3714
3718
36486
3719
36488
3721
3722
3723
3726
3727
36495
3728
3729
36499
3733
3736
3737
36505
3738
36507
3740
3741
36509
3742
36510
3743
3745
3746
36514
3747
36515
3749
3750
36518
3751
36520
3753
3754
3755
36523
3756
3757
36525
36527
3760
3763
36531
3766
36535
3768
3769
3771
3772
3774
36542
3775
3776
3777
3779
36547
3780
3781
3783
3784
36552
3785
36553
3786
3787
3789
36558
3791
3793
3794
36562
36564
3798
36566
3800
36568
3801
36570
3803
3804
3805
3807
36575
3808
36577
3810
3811
36579
3813
3815
36583
3816
3819
36587
3820
36588
3821
36592
3825
3829
3830
3831
3832
36600
3833
3836
3837
3838
3839
3840
36609
36610
36611
36613
3846
3848
36616
36617
3851
3853
36621
3854
3855
3857
3858
36626
3859
3860
3861
3862
3863
3864
36632
3865
36633
3867
3869
3872
3873
36641
36642
3876
3877
36646
36647
3880
36649
3882
3883
3884
3885
3887
36655
36657
3890
3891
3893
3894
36662
3895
36664
3897
3898
36666
3899
36668
3901
3903
3904
3906
3907
3908
36676
3909
3910
3911
3913
3914
3916
36684
3917
3918
3919
3920
3921
3922
3923
3924
3925
3926
3927
3930
3931
36699
3932
3933
36701
36702
3936
3937
3938
36706
3939
3940
3941
3942
36710
3943
3944
3945
36713
3947
36715
3948
36716
3949
3950
3951
3952
3953
36723
3956
3959
36727
3960
3961
36729
3962
3963
3965
36733
3966
36734
3967
3968
3969
36737
3970
36738
36739
3972
3973
36742
3975
3976
3978
36746
3979
36748
3981
36750
3983
3984
3985
36753
3986
3989
3990
36758
36759
3992
3993
3994
36762
36763
3996
3998
3999
4000
36768
4002
4003
4007
4008
36776
4009
4010
4011
4012
4014
4015
4017
4018
36786
4019
4020
36788
4023
4024
36793
4026
4028
4029
36797
4030
36799
4032
36800
4033
4034
36802
4035
4037
4038
4040
4041
36809
4042
36810
36811
4044
36812
36815
4051
4052
36820
4053
36821
4056
36825
4058
4059
4060
4061
36831
4064
36832
36833
4066
4067
4068
36836
4069
36837
4070
36838
4071
36839
4072
4073
36841
4075
4076
4077
4078
36846
4079
4080
4081
4083
4084
4085
4086
4087
4088
4089
36857
4090
4091
4093
4094
4095
4096
36864
4099
36867
4100
36868
4101
36869
4102
4103
36871
4105
36873
4107
4108
4109
4112
4113
4114
36882
4117
4118
4119
4121
4122
4124
4126
4127
36896
36897
36900
36901
36903
4137
4138
4140
4141
36909
4143
4144
36912
4145
4146
36915
4148
4149
36918
4152
36920
36922
4155
4157
4159
36927
36928
4161
4162
4163
36931
4164
36933
36934
4170
36938
4172
4173
4174
4175
4176
4177
36946
4179
4181
4182
36950
4183
36952
4185
36953
4186
36954
4188
36957
4190
4191
4192
4193
36961
4194
4195
36963
4196
4197
4198
4200
36969
4202
4203
36971
4205
4206
4207
36975
4208
4211
4215
36983
4216
36984
4218
4219
36987
4220
36988
36989
4222
4223
4224
4225
4226
4229
36998
4231
4232
4233
4234
37002
4235
37004
4237
4238
4242
37010
4243
4245
4246
37014
4247
4248
4249
4251
4253
4256
37024
4257
37026
4259
4260
4261
37029
4262
4263
37031
4266
4267
37036
4269
4270
37039
4274
4276
37044
4277
37047
4280
4282
4284
4285
4286
37058
4291
37059
4292
4293
4294
4295
37063
4296
4297
4299
37067
4300
37068
4301
4302
37071
4304
37072
4308
4309
4312
37081
4314
4315
37083
4316
4317
37085
4322
4323
37091
4324
4325
37093
4327
4328
37096
4329
37097
37098
4331
4332
4333
37101
4334
4338
37106
4339
4340
4341
4342
4344
4346
37114
4348
4350
4352
4353
37124
37125
4358
4359
4362
4363
37131
4367
4369
4370
37138
4371
4372
4374
4375
37143
4376
37144
4377
4378
4380
4383
4384
4385
4387
37155
4388
4389
37157
4390
37161
4394
4395
4396
4397
4398
4399
37167
4400
37168
4402
4403
37172
4405
37173
4406
37174
4407
4409
4410
37178
4411
4412
37181
37183
37184
4417
4418
4419
4420
37190
4424
4425
4426
37195
4428
4429
4430
4431
37199
4432
37200
4433
4434
37202
4435
37203
4437
37205
4438
37206
4439
4440
37209
4443
4445
37213
4446
4448
37216
37217
4450
37219
4453
4454
4455
4456
37224
4457
4458
37226
4459
4460
4463
4464
37233
4466
4467
4468
37236
37238
4471
37241
4474
4475
4477
4478
4481
4482
4483
4484
4485
4486
37254
4488
4489
4490
4491
4495
37264
4498
4499
4500
37269
4502
4504
37272
37274
4507
4509
4513
4514
37282
4515
37283
4517
4520
4521
4522
4523
4524
4525
37293
4527
37295
37298
4532
37300
37301
4534
4535
4537
4538
4539
4540
4541
37309
4543
4545
4548
4549
37317
4550
4552
37320
4553
4555
37323
4557
37327
4560
4561
4562
4564
4565
37334
4567
4568
4569
37337
37338
4571
4572
4573
4574
4575
4576
37344
4578
37346
4579
4581
4582
37350
4583
37351
4584
37352
4587
4588
4589
37357
4591
4592
4593
4594
4596
4597
4599
37367
37368
4601
37369
4603
37372
4605
4606
4607
4608
4609
4610
4611
4612
4614
4615
4616
4617
4618
37386
4621
37389
4622
4623
4624
4625
4626
37394
4627
37395
4628
4630
4633
37402
4635
37403
4637
4639
4642
4643
37411
4646
37414
4647
37416
4649
4650
4652
4653
37425
4658
37427
4660
4661
4662
4663
37433
37434
4667
4668
4669
4671
4672
4673
4674
4675
37444
4677
37445
4678
4679
37447
4680
4681
37449
4683
37451
4684
37452
4687
4688
4690
4691
37459
4692
37461
37463
4696
4697
4698
4699
37467
4701
4702
4704
37472
4705
4706
37474
4708
4709
4711
37479
4712
37482
4716
37484
4717
4719
4721
4722
4723
4724
37492
37493
4726
4727
4728
4729
4730
4731
4732
37500
4733
4734
4735
4736
4738
4739
4741
37511
4744
4747
4749
37517
4750
37519
4752
4754
37522
4755
37523
4756
37525
4758
37526
4761
4763
4764
4766
4767
4768
4769
4770
4771
4772
37540
4773
37541
4777
37546
4780
37548
4782
4785
37553
4786
37554
4787
37556
4789
37558
4791
4792
37560
4793
4795
37564
4797
4800
37570
4804
4805
37573
4806
4810
37578
4811
4812
4814
4815
4816
37584
4817
4818
4819
4820
4821
37589
4822
37591
4824
4825
4826
37594
4827
4828
37596
4829
37597
4831
4834
4835
4836
4837
4839
37607
4840
37609
4842
37610
4844
4845
4846
4847
4848
4851
37619
4853
4854
4855
4856
37624
4857
4858
4859
37627
4860
4861
4865
37633
4868
4869
4870
4871
4872
4873
37641
4876
4877
4879
4880
4881
37650
4883
4884
4885
4886
4887
4889
4890
4891
4892
4893
4894
4895
4897
4898
4899
4900
4901
37669
4902
37670
4903
4904
4905
4906
4907
4909
4910
4911
37680
4914
4915
4917
37685
37686
4919
4921
37689
4922
4923
4924
4925
37693
4927
4928
4929
4930
4931
37699
4933
37701
4935
4939
37707
4940
4942
4944
4946
4947
4948
37716
4950
4951
4952
37720
4953
37721
4954
4955
4956
4957
4958
37726
4959
4960
4961
4962
4964
4965
4966
37734
37735
4968
4969
4970
4971
4972
4973
4974
37742
4975
37744
4977
37745
4979
4980
4982
4983
37751
4984
37752
4985
4986
37754
4987
37755
4988
37758
4991
37759
4992
4993
37761
4995
4996
4998
5000
37769
5003
5005
5006
5008
5009
5010
5011
5013
5014
5015
37784
5017
5019
5020
5021
5023
37792
5026
37794
37795
37796
5029
5030
37798
5032
37800
5033
5034
37802
5035
37803
5037
5038
5039
37807
5040
5041
5042
5043
37811
37812
5045
5047
5049
5050
37818
5051
5052
37821
5054
5057
37825
5058
37827
5060
5061
5062
37830
5063
5064
5068
5070
5071
5073
5074
37842
5075
37844
37845
37846
5079
5081
37849
5082
5084
5085
37854
5087
37855
5089
5091
5092
5093
5094
5095
37866
37868
5101
5102
5103
5104
37872
5107
5108
37876
5109
5111
5112
5114
37883
5116
37886
5120
37890
5123
5124
37892
5125
37893
5127
5130
5131
5132
5133
5134
37902
5135
5136
5137
37905
5138
37906
5139
5140
37908
5141
5142
5143
5145
5146
5147
5148
37918
5151
37920
5153
37921
5154
37922
5155
37926
5159
5161
37929
5162
37930
5163
5166
37934
5167
5170
5171
5172
37940
5173
37941
5174
37942
5175
37944
5177
37945
5178
37946
5179
5183
37951
5185
5186
5187
5188
5190
37959
5192
37960
5194
5197
37965
5198
5199
37967
5200
37968
5201
5202
5203
5204
5206
5207
5208
5209
5210
37978
5211
5212
5213
37981
5214
37983
5216
5217
5218
5219
5220
37988
5221
5222
5226
5227
37995
5228
5229
5235
38003
5236
5237
5238
38006
5240
5241
5242
38010
5244
5245
5246
38014
5247
38015
5248
5249
38017
5251
38019
5253
5254
38023
5258
5261
5262
38030
5263
5264
5266
5267
38035
5271
38039
5275
38044
5277
5278
38048
38049
5282
5283
5284
5285
5286
5290
5291
5294
5295
5296
38064
5298
5299
5300
5301
5303
5306
38074
5307
5308
5309
38079
5314
38082
5315
5316
38087
5321
38089
5322
38090
5323
5324
5325
5326
38094
5327
38096
5329
5330
5332
5333
5334
38103
38104
5338
38107
5340
38108
5343
5344
5345
5346
5348
38116
5349
38117
38118
38119
5352
5355
5356
5358
38126
38128
5361
5363
5364
38132
5365
5366
5367
38135
5369
5370
38138
5371
5372
5373
5374
38142
5377
5379
5380
5381
5382
5383
38152
5385
5386
5387
38155
5388
5389
5390
5392
38161
5394
38162
38163
5396
38164
5397
5398
5399
38167
5400
5403
38171
5404
5405
5406
5407
5408
38176
5409
5410
38179
5413
38181
5414
5415
5417
38185
5420
38188
5421
5422
5423
38191
5425
5426
5428
38196
5429
5431
5432
38201
5434
5435
5436
5437
5438
5439
5442
5444
5445
5452
5453
5454
5456
5457
5458
5459
5460
5462
5463
5465
5466
5467
5469
5470
5471
5472
5473
5475
5477
5479
5480
5481
5482
5485
5488
5489
5492
5493
5495
5497
5498
5500
5501
5502
5503
5504
5506
5507
5509
5511
5514
5515
5516
5517
5520
5521
5522
5523
5524
5525
5527
5528
5530
5531
5533
5534
5535
5536
5537
5538
5539
5541
5542
5544
5545
5546
5549
5551
5552
5556
5557
5559
5562
5563
5566
5568
5569
5571
5572
5573
5574
5578
5581
5582
5584
5585
5586
5589
5591
5592
5593
5595
5596
5598
5602
5604
5605
5606
5608
5609
5610
5611
5613
5614
5617
5618
5620
5623
5624
5626
5627
5629
5630
5632
5633
5636
5639
5640
5641
5644
5645
5648
5649
5650
5651
5652
5653
5655
5658
5659
5661
5662
5663
5665
5667
5668
5670
5671
5672
5675
5676
5679
5681
5683
5685
5686
5687
5688
5689
5690
5691
5693
5694
5695
5696
5698
5702
5705
5707
5710
5711
5712
5713
5716
5717
5720
5721
5722
5723
5724
5725
5727
5728
5730
5731
5733
5735
5737
5739
5740
5741
5742
5743
5744
5746
5747
5748
5749
5750
5751
5752
5753
5754
5755
5756
5757
5758
5759
5760
5761
5765
5766
5767
5771
5772
5773
5774
5776
5777
5778
5779
5780
5784
5785
5786
5787
5789
5790
5791
5792
5793
5794
5795
5797
5798
5799
5801
5802
5805
5806
5807
5809
5813
5814
5815
5818
5820
5821
5822
5823
5826
5827
5828
5829
5830
5831
5832
5833
5834
5835
5836
5840
5843
5844
5846
5848
5849
5851
5852
5853
5855
5856
5859
5860
5861
5862
5866
5867
5868
5870
5875
5876
5877
5880
5882
5883
5884
5885
5886
5887
5888
5889
5890
5891
5893
5894
5895
5897
5898
5899
5900
5901
5902
5903
5904
5906
5908
5909
5910
5911
5912
5913
5914
5917
5918
5920
5921
5922
5926
5928
5929
5932
5933
5935
5942
5946
5947
5949
5951
5953
5954
5955
5957
5958
5959
5960
5962
5963
5964
5967
5972
5973
5974
5975
5976
5978
5981
5982
5983
5984
5985
5986
5988
5990
5992
5993
5997
6000
6002
6007
6009
6011
6012
6014
6016
6018
6027
6028
6029
6030
6036
6039
6041
6042
6044
6049
6050
6052
6053
6054
6055
6056
6057
6058
6060
6061
6063
6064
6065
6066
6067
6068
6069
6070
6073
6074
6075
6077
6078
6079
6080
6081
6082
6085
6087
6090
6091
6092
6098
6099
6100
6101
6103
6104
6105
6106
6107
6109
6110
6112
6113
6114
6117
6118
6119
6120
6121
6122
6123
6124
6125
6126
6127
6129
6130
6133
6135
6136
6138
6139
6141
6142
6143
6146
6149
6150
6151
6152
6154
6156
6161
6162
6163
6164
6165
6167
6168
6171
6174
6175
6176
6177
6179
6182
6186
6187
6188
6189
6190
6193
6194
6195
6196
6201
6203
6204
6205
6206
6207
6208
6209
6210
6211
6212
6213
6217
6218
6219
6220
6224
6225
6226
6227
6228
6231
6232
6234
6235
6237
6239
6240
6241
6245
6246
6247
6248
6249
6251
6252
6254
6255
6256
6257
6258
6260
6262
6264
6265
6266
6268
6269
6272
6273
6275
6276
6277
6279
6280
6281
6282
6283
6285
6286
6288
6289
6290
6291
6292
6294
6295
6298
6299
6300
6301
6302
6304
6305
6307
6308
6310
6311
6312
6313
6314
6315
6317
6318
6319
6320
6322
6325
6326
6328
6330
6333
6334
6335
6336
6337
6338
6339
6340
6341
6346
6347
6348
6350
6351
6353
6354
6355
6357
6359
6361
6362
6363
6364
6365
6366
6367
6368
6369
6371
6372
6373
6374
6375
6376
6379
6380
6381
6384
6387
6388
6389
6390
6391
6393
6395
6396
6398
6399
6400
6401
6402
6406
6407
6408
6410
6411
6412
6413
6414
6415
6416
6417
6425
6426
6428
6430
6431
6433
6434
6435
6436
6437
6439
6443
6445
6446
6447
6448
6449
6450
6451
6452
6453
6456
6457
6458
6459
6460
6463
6466
6469
6471
6472
6473
6476
6477
6479
6480
6481
6482
6483
6485
6487
6488
6489
6492
6493
6495
6496
6498
6499
6500
6505
6506
6507
6509
6511
6514
6517
6518
6521
6522
6524
6526
6527
6528
6529
6530
6531
6532
6536
6537
6538
6539
6541
6542
6543
6545
6546
6548
6555
6556
6558
6559
6560
6561
6562
6563
6565
6566
6567
6568
6570
6571
6572
6573
6575
6577
6578
6579
6582
6586
6587
6589
6590
6593
6594
6598
6599
6600
6601
6602
6605
6607
6608
6610
6612
6613
6614
6616
6618
6619
6620
6621
6624
6626
6627
6628
6629
6630
6633
6634
6635
6637
6638
6640
6641
6642
6644
6645
6646
6647
6648
6649
6655
6656
6658
6659
6660
6664
6665
6666
6670
6671
6672
6673
6674
6675
6676
6677
6678
6679
6680
6681
6682
6683
6685
6686
6687
6688
6689
6690
6691
6692
6694
6697
6699
6700
6701
6702
6703
6704
6705
6706
6707
6708
6712
6713
6714
6716
6718
6720
6721
6722
6723
6725
6726
6727
6729
6730
6731
6732
6734
6735
6736
6737
6738
6743
6744
6745
6748
6749
6750
6751
6752
6753
6755
6756
6758
6760
6761
6762
6766
6768
6771
6772
6775
6777
6778
6780
6781
6783
6784
6785
6786
6787
6788
6789
6790
6791
6793
6794
6795
6796
6798
6799
6801
6802
6806
6807
6809
6810
6812
6813
6814
6815
6817
6819
6820
6821
6822
6824
6826
6827
6828
6829
6830
6831
6832
6835
6836
6837
6840
6841
6842
6844
6845
6846
6848
6851
6852
6853
6854
6855
6859
6860
6863
6865
6867
6869
6873
6875
6876
6877
6878
6880
6882
6883
6884
6885
6887
6888
6889
6891
6892
6894
6896
6899
6901
6902
6905
6906
6908
6913
6914
6915
6916
6917
6918
6919
6920
6921
6922
6924
6926
6928
6929
6930
6931
6932
6933
6935
6936
6938
6939
6941
6942
6948
6950
6951
6953
6955
6956
6957
6958
6959
6960
6961
6962
6964
6966
6968
6969
6970
6972
6973
6975
6977
6978
6980
6981
6982
6984
6985
6988
6989
6991
6993
6994
6995
6996
6999
7003
7004
7006
7007
7009
7010
7011
7012
7014
7018
7020
7021
7022
7023
7024
7025
7026
7027
7028
7029
7030
7031
7036
7038
7041
7043
7044
7045
7047
7048
7050
7051
7052
7053
7054
7055
7060
7061
7062
7063
7065
7066
7067
7068
7069
7070
7073
7074
7075
7076
7077
7080
7083
7084
7088
7090
7092
7093
7097
7100
7101
7102
7103
7104
7105
7106
7108
7113
7114
7115
7118
7121
7122
7123
7124
7126
7127
7128
7130
7131
7134
7135
7136
7137
7138
7139
7145
7147
7148
7149
7150
7151
7152
7153
7154
7156
7157
7160
7161
7162
7163
7164
7165
7167
7171
7172
7173
7174
7175
7176
7177
7178
7179
7180
7183
7184
7185
7186
7187
7188
7190
7192
7193
7194
7197
7198
7199
7200
7201
7202
7203
7204
7206
7207
7208
7209
7210
7211
7213
7218
7219
7221
7223
7224
7225
7226
7229
7230
7232
7233
7234
7235
7236
7237
7239
7240
7242
7243
7244
7247
7249
7250
7251
7252
7254
7256
7257
7259
7261
7262
7263
7268
7269
7270
7271
7272
7273
7274
7277
7279
7281
7282
7284
7286
7287
7288
7291
7294
7298
7300
7302
7304
7305
7306
7307
7309
7310
7313
7316
7317
7318
7319
7322
7323
7326
7327
7329
7331
7332
7333
7334
7335
7336
7337
7339
7340
7341
7342
7343
7344
7347
7348
7350
7353
7354
7356
7357
7359
7360
7362
7364
7366
7367
7369
7370
7371
7372
7374
7376
7377
7378
7382
7383
7384
7385
7386
7388
7389
7391
7392
7395
7396
7400
7402
7403
7404
7405
7407
7409
7411
7412
7413
7414
7415
7416
7419
7420
7421
7422
7423
7425
7428
7429
7431
7433
7434
7437
7438
7440
7442
7444
7447
7448
7449
7451
7452
7453
7454
7456
7457
7460
7461
7463
7465
7466
7467
7471
7472
7473
7476
7477
7478
7479
7480
7482
7483
7487
7488
7490
7491
7492
7493
7494
7495
7497
7498
7499
7500
7501
7502
7505
7506
7508
7509
7510
7512
7513
7514
7516
7517
7519
7520
7521
7522
7524
7525
7526
7529
7531
7532
7533
7534
7536
7537
7538
7539
7542
7543
7544
7546
7547
7548
7549
7550
7552
7554
7557
7558
7559
7560
7563
7564
7565
7566
7568
7569
7572
7573
7574
7576
7578
7579
7580
7581
7582
7584
7586
7588
7589
7592
7594
7595
7596
7599
7600
7601
7602
7604
7608
7610
7611
7613
7614
7616
7618
7619
7621
7622
7626
7628
7629
7630
7631
7633
7634
7635
7637
7642
7643
7644
7645
7647
7648
7651
7653
7655
7658
7661
7665
7667
7668
7670
7671
7673
7674
7675
7676
7679
7681
7682
7683
7684
7686
7688
7689
7690
7691
7692
7694
7695
7696
7697
7698
7700
7704
7708
7710
7711
7715
7716
7717
7719
7720
7723
7725
7727
7728
7730
7732
7733
7734
7735
7736
7737
7740
7741
7742
7743
7744
7745
7746
7747
7748
7749
7750
7751
7754
7755
7756
7757
7758
7760
7761
7762
7763
7764
7765
7766
7768
7770
7771
7772
7773
7774
7777
7779
7780
7781
7782
7783
7784
7786
7787
7788
7791
7792
7794
7798
7799
7802
7803
7804
7806
7808
7809
7810
7811
7812
7813
7814
7815
7816
7821
7822
7823
7826
7827
7828
7829
7830
7831
7833
7835
7836
7837
7838
7839
7840
7841
7843
7844
7847
7848
7849
7850
7852
7853
7855
7856
7858
7859
7860
7862
7863
7864
7865
7866
7869
7870
7871
7872
7874
7876
7879
7880
7882
7884
7885
7887
7888
7890
7892
7893
7894
7895
7897
7898
7900
7901
7902
7903
7904
7905
7906
7907
7908
7911
7913
7914
7917
7918
7922
7923
7925
7927
7929
7930
7933
7934
7936
7937
7938
7942
7943
7945
7946
7947
7949
7950
7951
7952
7955
7958
7959
7960
7961
7962
7963
7964
7965
7966
7968
7969
7970
7971
7972
7973
7975
7976
7977
7978
7979
7980
7981
7982
7983
7987
7988
7990
7991
7994
7997
7998
7999
8002
8003
8004
8005
8008
8009
8010
8012
8013
8015
8018
8019
8021
8025
8026
8027
8028
8029
8030
8031
8033
8034
8035
8036
8037
8038
8039
8040
8041
8042
8043
8044
8046
8047
8048
8049
8050
8053
8055
8056
8057
8058
8059
8062
8063
8064
8066
8067
8069
8070
8071
8072
8075
8076
8077
8078
8081
8083
8084
8085
8086
8090
8091
8092
8093
8094
8097
8101
8104
8105
8106
8107
8108
8111
8112
8114
8115
8116
8117
8122
8123
8125
8127
8128
8131
8132
8133
8134
8135
8136
8137
8138
8139
8140
8141
8142
8143
8144
8149
8150
8152
8153
8154
8155
8156
8158
8159
8162
8163
8164
8166
8169
8172
8173
8174
8176
8178
8181
8184
8189
8191
8192
8195
8196
8200
8202
8203
8204
8207
8209
8210
8211
8213
8214
8215
8217
8218
8224
8225
8226
8227
8228
8231
8232
8233
8234
8235
8236
8237
8238
8239
8240
8241
8243
8245
8248
8249
8252
8253
8254
8256
8263
8264
8266
8268
8269
8270
8272
8273
8276
8277
8278
8280
8281
8282
8283
8284
8285
8286
8287
8288
8290
8291
8292
8293
8294
8295
8297
8298
8299
8301
8305
8306
8307
8308
8309
8312
8313
8316
8317
8319
8320
8322
8323
8324
8326
8327
8330
8333
8334
8335
8341
8342
8343
8344
8345
8346
8348
8349
8350
8352
8354
8357
8359
8360
8362
8363
8364
8365
8366
8367
8369
8370
8371
8377
8378
8379
8380
8382
8383
8384
8385
8386
8387
8388
8390
8392
8393
8394
8395
8396
8397
8399
8400
8401
8403
8404
8405
8406
8407
8410
8411
8413
8414
8416
8417
8418
8419
8420
8422
8423
8424
8425
8426
8427
8428
8429
8430
8432
8433
8434
8437
8438
8439
8440
8441
8442
8443
8444
8447
8448
8450
8451
8452
8453
8454
8455
8458
8459
8460
8462
8463
8465
8466
8472
8473
8474
8475
8476
8477
8478
8479
8480
8482
8484
8488
8489
8491
8492
8493
8495
8496
8499
8501
8503
8504
8505
8506
8507
8508
8511
8512
8513
8514
8515
8517
8519
8520
8521
8522
8523
8526
8527
8528
8530
8532
8535
8537
8538
8541
8542
8543
8544
8546
8548
8549
8550
8551
8552
8553
8554
8555
8556
8561
8563
8564
8567
8569
8571
8573
8576
8577
8578
8579
8580
8581
8582
8583
8584
8585
8586
8589
8592
8593
8595
8598
8599
8600
8603
8605
8606
8607
8608
8609
8610
8611
8612
8613
8616
8618
8622
8623
8624
8625
8627
8628
8629
8630
8631
8633
8634
8637
8638
8641
8642
8644
8645
8646
8648
8649
8651
8658
8659
8660
8662
8664
8665
8667
8668
8670
8673
8674
8675
8676
8677
8679
8680
8684
8685
8686
8688
8689
8690
8691
8692
8693
8694
8695
8696
8697
8699
8702
8703
8705
8706
8707
8710
8711
8712
8713
8714
8716
8719
8720
8721
8722
8724
8725
8726
8727
8728
8731
8732
8733
8734
8736
8737
8740
8741
8742
8744
8746
8747
8748
8749
8751
8753
8754
8755
8757
8759
8760
8763
8764
8766
8767
8768
8769
8770
8771
8772
8775
8777
8779
8780
8782
8783
8785
8786
8787
8788
8789
8790
8792
8793
8794
8796
8797
8798
8799
8800
8801
8802
8803
8807
8809
8810
8811
8812
8813
8816
8817
8820
8821
8824
8825
8826
8828
8829
8830
8831
8832
8835
8836
8837
8839
8840
8841
8842
8843
8845
8846
8847
8849
8850
8851
8854
8856
8858
8859
8861
8862
8864
8865
8866
8867
8868
8871
8873
8875
8876
8877
8879
8880
8881
8883
8884
8885
8889
8891
8892
8893
8895
8896
8898
8899
8900
8903
8905
8906
8908
8913
8914
8916
8917
8918
8919
8922
8923
8925
8926
8927
8928
8929
8930
8931
8933
8934
8935
8936
8938
8939
8940
8941
8942
8944
8947
8949
8950
8952
8953
8954
8955
8956
8957
8958
8959
8960
8961
8963
8966
8967
8969
8970
8971
8972
8973
8975
8976
8977
8978
8980
8981
8983
8986
8988
8989
8990
8991
8992
8993
8994
8995
8997
8998
8999
9001
9005
9006
9007
9008
9009
9010
9011
9013
9014
9016
9017
9018
9019
9021
9024
9025
9026
9028
9029
9030
9032
9035
9039
9040
9042
9043
9044
9046
9047
9049
9050
9051
9053
9054
9056
9058
9060
9063
9064
9065
9066
9067
9069
9070
9072
9073
9074
9076
9078
9079
9080
9081
9082
9084
9085
9086
9087
9089
9093
9094
9100
9101
9102
9103
9104
9105
9106
9107
9111
9113
9114
9115
9116
9117
9118
9119
9120
9123
9124
9125
9127
9128
9131
9132
9135
9136
9138
9139
9141
9142
9145
9147
9148
9149
9150
9151
9153
9154
9155
9157
9158
9160
9161
9163
9165
9166
9171
9174
9175
9179
9181
9182
9184
9185
9186
9187
9190
9191
9192
9195
9198
9199
9200
9201
9202
9205
9206
9208
9211
9213
9214
9217
9218
9219
9220
9221
9222
9223
9224
9226
9228
9229
9230
9232
9235
9238
9239
9240
9242
9245
9247
9248
9250
9252
9253
9255
9258
9259
9260
9261
9262
9265
9268
9269
9270
9271
9272
9274
9275
9277
9278
9279
9280
9282
9285
9286
9287
9288
9289
9290
9292
9294
9295
9296
9299
9300
9302
9305
9306
9307
9309
9310
9312
9313
9314
9315
9316
9317
9320
9321
9323
9326
9329
9330
9331
9332
9333
9334
9335
9337
9338
9340
9342
9345
9346
9347
9349
9350
9351
9352
9355
9356
9357
9358
9363
9364
9370
9373
9374
9375
9376
9379
9381
9383
9384
9385
9386
9388
9389
9391
9392
9393
9395
9396
9397
9398
9400
9401
9402
9403
9404
9405
9406
9407
9408
9409
9410
9412
9413
9414
9415
9416
9417
9418
9419
9420
9421
9422
9424
9425
9427
9429
9430
9431
9432
9433
9434
9435
9436
9437
9438
9441
9442
9443
9444
9446
9447
9448
9449
9451
9452
9453
9458
9459
9461
9462
9463
9464
9465
9466
9468
9471
9472
9474
9475
9478
9479
9481
9482
9484
9486
9487
9488
9489
9491
9493
9495
9497
9498
9499
9503
9504
9507
9508
9511
9512
9513
9517
9518
9521
9522
9523
9524
9525
9526
9528
9530
9531
9534
9538
9540
9541
9542
9544
9545
9546
9547
9549
9553
9554
9555
9557
9558
9559
9560
9562
9569
9570
9573
9574
9577
9578
9582
9583
9584
9585
9586
9587
9588
9591
9592
9594
9595
9596
9606
9607
9608
9609
9610
9611
9612
9614
9615
9616
9617
9618
9620
9621
9622
9623
9624
9626
9629
9632
9633
9635
9636
9637
9641
9644
9645
9646
9648
9649
9650
9651
9653
9654
9656
9658
9659
9660
9661
9662
9663
9664
9665
9666
9668
9670
9673
9674
9675
9676
9677
9680
9681
9682
9683
9684
9685
9686
9687
9688
9689
9691
9692
9693
9697
9698
9699
9700
9701
9702
9703
9704
9705
9706
9707
9708
9710
9711
9712
9713
9714
9716
9717
9718
9719
9721
9722
9723
9724
9725
9726
9729
9731
9732
9733
9734
9738
9739
9740
9741
9742
9743
9744
9745
9746
9747
9748
9749
9750
9751
9752
9753
9755
9757
9758
9759
9760
9762
9765
9767
9768
9769
9770
9772
9773
9774
9776
9778
9781
9782
9783
9784
9785
9786
9787
9788
9790
9794
9795
9797
9798
9799
9800
9802
9804
9805
9806
9808
9809
9811
9813
9815
9818
9819
9821
9822
9823
9824
9825
9826
9827
9828
9829
9830
9831
9832
9833
9835
9836
9839
9840
9841
9842
9844
9845
9847
9849
9850
9851
9852
9855
9858
9859
9861
9863
9866
9867
9868
9872
9873
9874
9875
9876
9877
9878
9880
9881
9882
9883
9884
9886
9887
9888
9889
9891
9893
9895
9896
9899
9900
9901
9903
9905
9906
9908
9909
9910
9911
9914
9915
9916
9917
9918
9919
9920
9922
9923
9924
9926
9928
9929
9930
9931
9932
9934
9936
9938
9939
9940
9941
9942
9943
9945
9947
9949
9951
9954
9955
9956
9958
9959
9961
9963
9964
9969
9971
9972
9974
9977
9978
9980
9981
9983
9984
9986
9987
9988
9992
9993
9997
9998
9999
10000
10001
10002
10004
10006
10007
10009
10011
10012
10015
10016
10018
10020
10023
10024
10025
10026
10027
10028
10030
10031
10032
10033
10036
10038
10041
10042
10044
10045
10046
10050
10051
10052
10054
10055
10056
10057
10058
10059
10061
10063
10064
10065
10066
10068
10069
10070
10072
10075
10076
10078
10080
10082
10083
10086
10087
10089
10090
10092
10094
10095
10096
10097
10098
10101
10104
10105
10107
10109
10111
10112
10113
10114
10115
10116
10120
10121
10122
10124
10125
10127
10129
10130
10132
10133
10134
10136
10137
10138
10140
10143
10144
10145
10146
10147
10148
10151
10153
10154
10155
10158
10160
10162
10166
10167
10169
10171
10172
10173
10175
10176
10179
10183
10184
10185
10186
10187
10188
10193
10196
10199
10201
10202
10204
10205
10207
10208
10209
10211
10213
10214
10215
10217
10218
10221
10222
10224
10225
10226
10227
10228
10229
10230
10231
10232
10233
10234
10236
10238
10239
10240
10243
10244
10246
10247
10249
10252
10256
10258
10260
10262
10265
10266
10268
10270
10271
10272
10273
10274
10275
10276
10277
10278
10279
10281
10282
10283
10285
10286
10290
10291
10292
10293
10296
10298
10303
10304
10306
10307
10308
10309
10311
10312
10314
10315
10316
10318
10319
10322
10323
10324
10326
10327
10328
10329
10330
10332
10334
10336
10337
10338
10340
10343
10344
10345
10346
10347
10348
10349
10350
10351
10352
10354
10356
10357
10360
10361
10364
10366
10367
10368
10369
10371
10372
10373
10374
10375
10377
10378
10379
10381
10383
10384
10385
10386
10387
10388
10391
10395
10396
10397
10399
10400
10401
10402
10403
10406
10407
10408
10411
10413
10417
10418
10420
10421
10422
10423
10424
10426
10427
10429
10431
10432
10433
10434
10435
10436
10437
10439
10440
10441
10443
10445
10446
10448
10449
10450
10453
10455
10459
10460
10461
10462
10463
10464
10467
10469
10470
10471
10472
10476
10477
10478
10480
10481
10483
10486
10487
10488
10489
10490
10491
10492
10493
10494
10495
10497
10498
10500
10502
10503
10504
10505
10507
10508
10509
10511
10513
10518
10519
10520
10522
10523
10525
10527
10529
10531
10534
10535
10537
10538
10539
10540
10541
10543
10544
10545
10547
10549
10550
10552
10553
10555
10557
10560
10561
10562
10564
10567
10568
10571
10572
10573
10574
10575
10576
10577
10578
10579
10580
10581
10582
10583
10585
10587
10588
10589
10590
10591
10593
10594
10596
10597
10600
10601
10604
10607
10610
10611
10612
10614
10617
10620
10621
10623
10627
10630
10631
10636
10637
10638
10639
10640
10641
10642
10643
10644
10646
10649
10651
10652
10653
10654
10655
10657
10658
10659
10660
10662
10664
10665
10667
10668
10669
10670
10671
10673
10674
10675
10676
10677
10678
10681
10682
10683
10684
10686
10687
10693
10694
10698
10699
10702
10704
10705
10707
10708
10710
10711
10713
10714
10715
10717
10718
10719
10720
10721
10722
10724
10725
10728
10729
10730
10731
10732
10733
10734
10735
10736
10737
10740
10744
10747
10748
10752
10755
10756
10757
10760
10761
10762
10763
10764
10765
10768
10772
10774
10775
10776
10777
10778
10780
10781
10782
10784
10785
10786
10787
10788
10789
10790
10792
10793
10794
10796
10798
10799
10800
10801
10803
10807
10808
10809
10812
10813
10815
10816
10817
10819
10820
10821
10822
10823
10825
10826
10827
10832
10833
10835
10836
10837
10838
10839
10841
10842
10843
10847
10848
10851
10852
10854
10855
10856
10857
10858
10860
10861
10863
10864
10866
10867
10869
10872
10873
10874
10875
10876
10877
10879
10880
10883
10885
10886
10888
10891
10895
10896
10897
10898
10899
10901
10902
10904
10906
10907
10908
10909
10910
10911
10912
10915
10916
10917
10918
10921
10922
10923
10924
10926
10927
10928
10929
10930
10931
10932
10934
10935
10936
10937
10939
10940
10942
10943
10944
10945
10946
10948
10949
10951
10952
10953
10954
10959
10960
10962
10965
10969
10971
10972
10973
10974
10976
10979
10980
10981
10982
10983
10984
10985
10986
10987
10988
10989
10992
10995
10996
10997
10998
11000
11003
11004
11006
11008
11010
11011
11013
11014
11015
11017
11020
11021
11023
11024
11025
11027
11032
11033
11034
11036
11037
11038
11039
11042
11043
11044
11046
11047
11048
11050
11061
11062
11063
11064
11065
11066
11067
11068
11069
11071
11072
11074
11076
11077
11079
11081
11084
11085
11086
11087
11090
11091
11092
11094
11095
11096
11097
11098
11099
11100
11102
11104
11106
11107
11110
11111
11112
11114
11115
11116
11120
11121
11124
11128
11129
11130
11131
11132
11133
11135
11136
11137
11141
11142
11144
11145
11147
11150
11157
11158
11159
11160
11161
11163
11167
11168
11170
11171
11173
11174
11175
11176
11177
11178
11180
11181
11182
11184
11187
11191
11192
11197
11198
11199
11201
11203
11204
11206
11207
11208
11209
11211
11212
11214
11216
11219
11220
11224
11225
11226
11227
11229
11232
11233
11236
11237
11239
11243
11244
11245
11247
11249
11251
11252
11253
11256
11257
11259
11261
11262
11263
11264
11265
11266
11269
11271
11272
11274
11276
11277
11278
11281
11282
11283
11284
11286
11289
11290
11293
11294
11295
11296
11297
11299
11300
11301
11302
11303
11304
11305
11309
11311
11312
11313
11314
11315
11316
11317
11319
11320
11322
11323
11324
11325
11326
11327
11328
11329
11330
11331
11332
11333
11334
11336
11337
11338
11342
11343
11344
11345
11346
11347
11348
11349
11352
11353
11355
11356
11357
11358
11360
11361
11363
11364
11365
11366
11369
11370
11371
11372
11373
11375
11376
11377
11378
11383
11384
11388
11389
11390
11391
11392
11393
11394
11395
11396
11399
11403
11404
11405
11406
11407
11408
11410
11411
11412
11413
11414
11415
11416
11417
11418
11420
11421
11422
11423
11424
11425
11428
11429
11430
11431
11432
11435
11438
11439
11441
11442
11444
11445
11446
11448
11449
11450
11452
11453
11454
11455
11456
11457
11459
11460
11461
11462
11463
11469
11472
11474
11475
11478
11480
11481
11482
11484
11486
11487
11488
11490
11491
11492
11493
11494
11495
11496
11497
11499
11502
11504
11505
11508
11509
11510
11512
11514
11515
11516
11518
11519
11520
11522
11523
11524
11525
11528
11532
11534
11536
11539
11541
11542
11545
11547
11548
11554
11556
11558
11559
11560
11561
11562
11563
11564
11566
11567
11570
11571
11573
11575
11576
11577
11579
11580
11581
11582
11583
11584
11586
11587
11589
11591
11592
11594
11595
11600
11605
11606
11607
11608
11611
11612
11613
11614
11615
11616
11617
11618
11619
11620
11622
11623
11624
11627
11633
11634
11635
11636
11640
11641
11642
11643
11644
11645
11646
11647
11649
11650
11651
11652
11653
11654
11655
11657
11658
11659
11661
11662
11664
11665
11667
11668
11669
11670
11671
11672
11673
11674
11675
11676
11677
11679
11680
11682
11684
11685
11686
11688
11692
11693
11694
11696
11702
11703
11705
11706
11708
11711
11712
11713
11715
11716
11717
11718
11720
11723
11727
11728
11730
11731
11732
11734
11736
11738
11740
11741
11742
11743
11744
11748
11749
11751
11752
11755
11757
11758
11760
11762
11763
11764
11766
11768
11769
11770
11771
11774
11776
11778
11779
11781
11782
11783
11784
11785
11786
11790
11791
11792
11793
11796
11798
11801
11802
11803
11804
11805
11806
11807
11808
11811
11813
11814
11815
11816
11817
11818
11820
11821
11823
11824
11825
11828
11830
11831
11835
11837
11838
11839
11841
11844
11845
11847
11848
11849
11850
11851
11852
11854
11855
11856
11858
11859
11860
11861
11862
11863
11864
11867
11868
11869
11871
11872
11873
11877
11879
11880
11881
11883
11884
11885
11886
11888
11889
11890
11891
11892
11894
11895
11896
11898
11900
11901
11902
11903
11904
11906
11908
11911
11912
11913
11914
11915
11916
11918
11919
11920
11924
11925
11926
11929
11932
11933
11935
11937
11938
11941
11942
11943
11944
11946
11947
11951
11954
11955
11956
11958
11959
11960
11961
11962
11965
11966
11969
11970
11972
11973
11974
11977
11978
11979
11980
11981
11982
11987
11988
11991
11994
11996
11997
11998
12000
12001
12002
12004
12005
12006
12009
12010
12011
12012
12013
12014
12015
12016
12017
12018
12019
12024
12025
12026
12027
12029
12030
12031
12032
12034
12041
12048
12051
12052
12054
12055
12056
12058
12059
12060
12061
12062
12063
12064
12066
12067
12069
12071
12073
12075
12076
12080
12081
12083
12084
12085
12088
12089
12091
12092
12094
12095
12096
12098
12100
12102
12107
12108
12110
12111
12112
12114
12115
12117
12121
12123
12124
12126
12127
12128
12129
12130
12131
12132
12135
12136
12137
12138
12139
12140
12143
12144
12145
12146
12147
12148
12149
12151
12154
12156
12158
12159
12160
12161
12162
12164
12166
12167
12169
12171
12173
12175
12176
12177
12179
12182
12183
12184
12187
12188
12190
12193
12194
12195
12196
12197
12198
12201
12202
12203
12205
12206
12208
12210
12212
12213
12215
12216
12222
12224
12225
12227
12228
12230
12231
12233
12234
12235
12237
12238
12240
12242
12245
12248
12251
12252
12253
12254
12256
12258
12259
12262
12263
12264
12265
12266
12267
12269
12270
12271
12273
12274
12275
12276
12277
12278
12279
12280
12281
12284
12285
12286
12287
12288
12289
12290
12291
12293
12295
12296
12297
12298
12299
12300
12303
12305
12306
12308
12309
12310
12311
12312
12314
12315
12316
12317
12318
12321
12322
12325
12326
12327
12329
12330
12331
12333
12335
12338
12341
12342
12343
12344
12345
12346
12347
12352
12358
12360
12362
12365
12366
12367
12368
12370
12371
12372
12373
12377
12378
12380
12383
12384
12385
12386
12390
12392
12393
12394
12395
12396
12397
12398
12399
12400
12402
12403
12404
12406
12407
12409
12412
12413
12414
12415
12416
12417
12418
12419
12420
12421
12422
12423
12424
12426
12427
12428
12429
12430
12433
12434
12435
12441
12442
12443
12444
12446
12447
12448
12449
12450
12451
12453
12454
12455
12456
12458
12459
12461
12463
12464
12465
12466
12467
12468
12471
12472
12474
12476
12477
12479
12480
12482
12484
12485
12487
12488
12489
12491
12493
12494
12495
12496
12497
12498
12499
12500
12501
12502
12503
12505
12506
12507
12508
12509
12510
12511
12514
12515
12516
12518
12519
12521
12522
12526
12527
12528
12529
12530
12532
12533
12540
12542
12543
12544
12545
12546
12547
12548
12549
12550
12551
12552
12553
12554
12555
12556
12558
12560
12561
12562
12563
12564
12566
12567
12570
12571
12572
12573
12574
12575
12576
12577
12579
12580
12583
12585
12589
12590
12593
12594
12598
12599
12600
12601
12602
12605
12607
12608
12609
12611
12612
12613
12614
12615
12616
12617
12618
12619
12620
12621
12622
12623
12625
12626
12630
12631
12633
12635
12636
12637
12638
12640
12641
12642
12643
12644
12645
12646
12647
12648
12649
12651
12652
12653
12654
12655
12657
12658
12659
12661
12662
12663
12664
12666
12668
12669
12671
12672
12673
12674
12675
12676
12677
12679
12680
12682
12684
12685
12687
12688
12689
12690
12691
12692
12694
12696
12698
12699
12701
12703
12704
12706
12707
12708
12709
12711
12713
12714
12716
12720
12721
12722
12723
12724
12725
12726
12729
12733
12734
12735
12736
12737
12739
12740
12742
12746
12747
12750
12751
12753
12754
12755
12756
12757
12758
12763
12764
12765
12766
12767
12768
12769
12772
12774
12775
12777
12779
12783
12785
12788
12792
12793
12795
12797
12798
12800
12801
12802
12803
12805
12808
12809
12810
12811
12814
12816
12817
12818
12819
12821
12822
12824
12825
12826
12827
12830
12831
12833
12834
12835
12836
12839
12840
12842
12843
12844
12845
12846
12847
12848
12852
12853
12857
12858
12860
12861
12862
12864
12865
12866
12867
12869
12871
12872
12878
12879
12880
12881
12882
12883
12885
12886
12890
12892
12893
12894
12897
12898
12899
12902
12904
12906
12907
12911
12912
12913
12914
12916
12917
12920
12921
12922
12923
12925
12927
12928
12929
12930
12931
12933
12934
12937
12938
12939
12942
12943
12944
12945
12946
12947
12948
12949
12950
12951
12952
12954
12957
12958
12961
12962
12964
12967
12968
12969
12971
12972
12974
12975
12976
12977
12978
12979
12985
12987
12989
12991
12992
12993
12995
12996
12997
12998
12999
13002
13003
13004
13005
13006
13009
13012
13013
13014
13015
13016
13017
13018
13021
13023
13024
13025
13027
13031
13032
13035
13036
13037
13038
13039
13042
13044
13047
13048
13051
13053
13055
13057
13058
13059
13060
13061
13062
13063
13064
13065
13068
13072
13073
13074
13076
13077
13078
13079
13081
13083
13084
13088
13090
13091
13093
13095
13098
13099
13101
13102
13105
13109
13112
13113
13116
13117
13121
13122
13123
13124
13125
13127
13128
13129
13131
13134
13135
13136
13137
13139
13140
13141
13142
13145
13147
13148
13151
13154
13155
13156
13159
13160
13162
13163
13164
13165
13168
13169
13170
13172
13174
13176
13178
13179
13180
13181
13182
13183
13184
13185
13186
13187
13189
13190
13191
13192
13193
13194
13197
13198
13199
13200
13202
13203
13205
13206
13210
13212
13213
13214
13215
13216
13217
13218
13220
13221
13222
13223
13224
13225
13227
13228
13231
13232
13233
13234
13235
13236
13237
13239
13240
13241
13242
13243
13245
13246
13248
13249
13250
13251
13252
13253
13256
13257
13259
13260
13261
13262
13263
13264
13265
13266
13267
13268
13269
13272
13273
13274
13275
13276
13278
13282
13283
13284
13285
13288
13289
13290
13292
13293
13294
13296
13298
13299
13301
13302
13303
13304
13305
13306
13307
13308
13309
13311
13312
13313
13314
13316
13317
13318
13319
13320
13323
13325
13326
13327
13331
13334
13335
13336
13337
13338
13339
13341
13345
13346
13347
13348
13350
13351
13352
13353
13354
13356
13357
13358
13359
13360
13361
13365
13366
13368
13369
13371
13373
13375
13377
13378
13379
13382
13383
13385
13386
13387
13389
13392
13393
13395
13396
13397
13398
13400
13401
13402
13405
13406
13408
13409
13414
13415
13416
13417
13418
13419
13421
13422
13423
13424
13426
13430
13431
13432
13434
13436
13438
13439
13442
13444
13445
13446
13448
13449
13450
13451
13456
13457
13458
13459
13460
13463
13464
13469
13470
13471
13472
13473
13474
13475
13476
13477
13478
13479
13480
13481
13485
13487
13488
13489
13491
13492
13493
13494
13495
13497
13499
13500
13502
13504
13505
13506
13507
13508
13511
13512
13514
13516
13520
13521
13522
13523
13524
13525
13529
13530
13532
13533
13534
13535
13537
13538
13539
13542
13543
13545
13546
13547
13548
13549
13550
13551
13552
13553
13554
13556
13563
13565
13566
13567
13568
13571
13572
13573
13575
13576
13577
13583
13584
13586
13587
13588
13589
13590
13592
13593
13596
13600
13603
13608
13609
13611
13613
13614
13615
13616
13617
13618
13619
13620
13621
13622
13623
13625
13626
13627
13628
13629
13630
13633
13634
13636
13639
13640
13641
13643
13644
13645
13646
13648
13649
13650
13653
13655
13656
13657
13658
13659
13661
13662
13663
13664
13666
13669
13671
13672
13677
13679
13680
13681
13683
13685
13686
13688
13689
13690
13691
13692
13693
13694
13696
13697
13699
13705
13706
13707
13709
13712
13716
13717
13720
13722
13723
13726
13727
13728
13729
13731
13732
13733
13734
13737
13738
13742
13743
13744
13745
13748
13749
13750
13753
13754
13756
13757
13758
13760
13761
13762
13763
13764
13769
13772
13773
13775
13778
13779
13780
13781
13782
13784
13786
13787
13789
13790
13792
13793
13794
13795
13796
13797
13798
13800
13802
13806
13807
13808
13809
13810
13811
13816
13817
13818
13820
13821
13824
13825
13827
13829
13830
13834
13840
13841
13842
13843
13844
13845
13847
13848
13849
13850
13852
13855
13856
13858
13859
13860
13869
13872
13874
13877
13878
13880
13881
13882
13883
13884
13887
13889
13890
13892
13895
13896
13897
13898
13901
13902
13904
13905
13906
13907
13908
13909
13910
13911
13912
13913
13914
13915
13917
13918
13920
13923
13924
13925
13927
13928
13931
13933
13934
13935
13936
13939
13940
13941
13942
13943
13944
13949
13950
13953
13954
13955
13956
13958
13959
13960
13961
13962
13963
13967
13969
13971
13973
13976
13978
13979
13986
13987
13990
13993
13995
13998
13999
14000
14001
14002
14003
14004
14006
14007
14008
14009
14010
14011
14013
14015
14017
14018
14019
14020
14021
14023
14024
14026
14027
14028
14030
14031
14035
14036
14037
14038
14040
14042
14043
14046
14048
14050
14051
14052
14053
14054
14055
14056
14058
14059
14060
14061
14062
14063
14064
14065
14066
14067
14068
14069
14070
14072
14073
14074
14075
14076
14078
14079
14080
14081
14082
14083
14084
14085
14086
14087
14089
14090
14091
14092
14094
14095
14098
14099
14100
14101
14102
14105
14106
14107
14108
14110
14113
14115
14116
14117
14120
14121
14122
14125
14127
14128
14130
14132
14133
14134
14135
14137
14138
14140
14141
14142
14143
14148
14149
14150
14154
14155
14156
14157
14160
14161
14164
14166
14167
14169
14170
14172
14173
14175
14176
14180
14186
14188
14189
14191
14192
14194
14197
14198
14200
14201
14202
14203
14205
14210
14213
14214
14215
14216
14217
14219
14222
14224
14225
14226
14229
14230
14233
14235
14236
14239
14240
14243
14244
14245
14246
14247
14248
14249
14253
14254
14255
14258
14260
14261
14262
14263
14265
14266
14267
14268
14269
14271
14272
14274
14275
14277
14278
14280
14281
14282
14283
14285
14286
14288
14289
14290
14291
14292
14295
14297
14298
14299
14301
14303
14304
14305
14308
14309
14314
14317
14318
14320
14322
14323
14325
14326
14327
14330
14332
14334
14335
14336
14337
14338
14339
14340
14341
14342
14344
14345
14347
14348
14350
14351
14352
14353
14354
14355
14357
14358
14359
14360
14361
14362
14363
14364
14366
14368
14369
14371
14372
14373
14374
14375
14376
14377
14378
14380
14382
14383
14384
14385
14386
14387
14388
14389
14392
14393
14394
14395
14396
14398
14399
14400
14401
14403
14404
14405
14406
14408
14409
14411
14412
14413
14415
14418
14419
14422
14423
14424
14429
14432
14434
14435
14436
14437
14438
14440
14441
14443
14444
14446
14448
14453
14455
14456
14458
14459
14460
14461
14464
14465
14467
14469
14470
14472
14473
14474
14475
14477
14480
14481
14482
14483
14485
14487
14488
14490
14491
14492
14494
14496
14498
14499
14500
14501
14502
14504
14505
14506
14507
14508
14510
14511
14514
14515
14516
14517
14518
14520
14521
14522
14523
14524
14525
14527
14528
14529
14530
14532
14533
14534
14535
14536
14540
14541
14542
14544
14545
14547
14551
14552
14553
14555
14556
14559
14560
14561
14562
14563
14564
14566
14567
14568
14571
14572
14574
14575
14576
14577
14578
14580
14581
14584
14585
14586
14587
14588
14592
14593
14595
14596
14597
14598
14599
14600
14601
14602
14603
14605
14606
14607
14608
14609
14611
14613
14614
14615
14616
14617
14618
14619
14620
14621
14626
14628
14629
14631
14633
14634
14635
14636
14637
14638
14641
14643
14644
14645
14649
14650
14651
14652
14653
14654
14656
14657
14658
14660
14661
14663
14664
14667
14668
14669
14670
14671
14674
14676
14677
14686
14687
14688
14692
14693
14695
14697
14698
14699
14701
14703
14704
14707
14708
14709
14711
14712
14714
14715
14717
14720
14722
14723
14724
14725
14726
14727
14728
14729
14731
14732
14735
14736
14737
14739
14740
14742
14743
14744
14745
14746
14747
14748
14751
14754
14755
14756
14761
14762
14763
14765
14766
14767
14768
14769
14770
14771
14773
14776
14777
14779
14781
14782
14783
14784
14786
14787
14788
14789
14790
14791
14793
14795
14796
14798
14799
14800
14801
14802
14808
14809
14812
14813
14814
14815
14816
14818
14819
14820
14821
14823
14827
14830
14832
14833
14834
14836
14837
14838
14839
14840
14841
14842
14844
14845
14846
14847
14850
14852
14853
14854
14855
14858
14860
14861
14862
14864
14865
14867
14868
14869
14873
14877
14879
14880
14881
14882
14883
14887
14889
14890
14893
14894
14895
14896
14897
14899
14901
14902
14903
14904
14905
14907
14908
14909
14910
14911
14912
14913
14914
14915
14916
14917
14921
14922
14923
14924
14925
14926
14928
14929
14930
14932
14934
14935
14937
14939
14940
14945
14946
14947
14949
14950
14951
14952
14954
14957
14959
14960
14961
14962
14963
14965
14969
14970
14971
14973
14975
14976
14977
14978
14979
14980
14982
14983
14986
14987
14988
14989
14990
14992
14994
14995
14997
14998
14999
15002
15004
15005
15007
15008
15009
15010
15011
15012
15015
15016
15018
15019
15022
15023
15024
15025
15026
15027
15028
15029
15033
15034
15035
15041
15042
15043
15044
15047
15048
15049
15050
15051
15052
15053
15056
15057
15058
15059
15061
15062
15065
15067
15068
15069
15070
15071
15072
15073
15074
15075
15076
15077
15079
15080
15086
15087
15088
15090
15091
15094
15095
15099
15100
15101
15102
15103
15105
15107
15112
15113
15114
15115
15117
15118
15119
15120
15121
15122
15123
15125
15126
15127
15129
15131
15133
15134
15135
15139
15140
15141
15142
15143
15145
15147
15150
15152
15153
15154
15155
15156
15157
15158
15159
15160
15161
15162
15166
15167
15168
15169
15170
15171
15172
15176
15178
15179
15180
15181
15182
15184
15185
15186
15189
15190
15191
15192
15193
15194
15195
15197
15199
15200
15201
15205
15206
15208
15211
15212
15213
15214
15216
15217
15218
15219
15221
15222
15224
15225
15227
15229
15231
15233
15236
15238
15239
15241
15242
15243
15246
15247
15248
15250
15251
15254
15255
15256
15257
15260
15261
15263
15264
15266
15267
15268
15269
15270
15271
15272
15273
15278
15279
15280
15281
15282
15283
15284
15285
15288
15292
15293
15294
15295
15296
15297
15300
15301
15303
15304
15306
15307
15308
15309
15312
15313
15314
15315
15318
15319
15320
15322
15325
15326
15327
15328
15329
15331
15332
15335
15336
15339
15340
15341
15343
15344
15345
15347
15349
15351
15352
15355
15357
15359
15363
15367
15368
15370
15371
15372
15373
15374
15377
15378
15379
15382
15384
15387
15389
15390
15391
15393
15394
15395
15400
15401
15402
15403
15404
15406
15407
15409
15410
15411
15412
15413
15415
15416
15417
15419
15420
15421
15422
15424
15425
15426
15428
15430
15431
15433
15434
15435
15437
15440
15441
15442
15443
15448
15449
15451
15452
15453
15454
15455
15456
15458
15459
15460
15462
15467
15469
15471
15473
15474
15476
15477
15479
15480
15481
15482
15483
15486
15487
15489
15492
15493
15494
15495
15498
15499
15500
15501
15505
15507
15512
15513
15515
15517
15519
15520
15521
15523
15524
15528
15530
15531
15532
15533
15534
15537
15538
15539
15541
15542
15545
15546
15547
15548
15549
15550
15551
15552
15553
15554
15556
15557
15558
15561
15562
15564
15569
15571
15574
15576
15578
15579
15582
15583
15585
15587
15588
15589
15592
15593
15594
15600
15601
15602
15603
15604
15607
15608
15609
15610
15612
15613
15616
15617
15618
15619
15620
15621
15622
15624
15626
15627
15628
15629
15634
15635
15639
15640
15642
15643
15644
15646
15647
15648
15650
15651
15657
15658
15660
15661
15662
15663
15666
15667
15669
15671
15672
15673
15674
15675
15677
15679
15681
15682
15683
15686
15687
15688
15690
15691
15692
15694
15695
15696
15697
15698
15699
15705
15706
15707
15709
15710
15712
15713
15714
15715
15716
15717
15718
15721
15722
15723
15724
15725
15726
15727
15729
15730
15731
15732
15733
15734
15735
15736
15738
15739
15740
15741
15742
15744
15745
15746
15747
15749
15750
15751
15752
15754
15755
15757
15758
15760
15764
15765
15766
15767
15768
15769
15770
15771
15772
15773
15774
15775
15777
15778
15779
15780
15781
15782
15784
15788
15789
15790
15793
15794
15796
15800
15801
15803
15805
15807
15808
15809
15810
15811
15812
15813
15814
15817
15818
15819
15820
15822
15823
15824
15825
15827
15828
15830
15831
15832
15834
15835
15838
15839
15840
15841
15842
15843
15845
15846
15848
15850
15851
15852
15853
15854
15857
15860
15861
15862
15864
15865
15866
15867
15869
15871
15873
15874
15875
15876
15877
15878
15881
15882
15883
15884
15885
15886
15887
15888
15889
15890
15891
15892
15893
15894
15895
15896
15898
15899
15900
15901
15902
15903
15906
15908
15909
15913
15914
15918
15919
15920
15921
15922
15923
15925
15927
15928
15931
15932
15935
15937
15940
15941
15945
15946
15948
15952
15953
15958
15959
15960
15962
15963
15964
15965
15966
15967
15968
15970
15971
15974
15975
15976
15978
15980
15983
15985
15988
15990
15991
15992
15995
16000
16001
16002
16004
16005
16006
16007
16008
16009
16010
16012
16015
16016
16018
16019
16022
16023
16028
16030
16032
16033
16034
16036
16037
16038
16039
16042
16043
16044
16046
16047
16049
16050
16051
16052
16053
16054
16055
16056
16057
16058
16060
16061
16062
16063
16064
16065
16066
16067
16069
16070
16071
16072
16074
16076
16078
16079
16080
16081
16082
16083
16085
16088
16089
16090
16092
16093
16097
16098
16099
16100
16101
16102
16103
16104
16105
16106
16107
16108
16109
16110
16111
16112
16116
16117
16119
16123
16125
16127
16132
16133
16134
16135
16138
16139
16142
16143
16145
16147
16148
16150
16152
16153
16158
16159
16160
16162
16163
16164
16165
16168
16169
16171
16173
16174
16176
16177
16178
16180
16182
16185
16186
16188
16192
16195
16196
16197
16198
16200
16201
16202
16203
16204
16205
16206
16207
16209
16210
16211
16212
16213
16214
16215
16216
16217
16219
16220
16221
16222
16223
16224
16225
16226
16231
16235
16236
16240
16242
16246
16247
16248
16249
16253
16254
16256
16259
16260
16261
16262
16263
16265
16268
16270
16271
16273
16274
16276
16277
16278
16279
16280
16282
16284
16286
16289
16290
16291
16292
16296
16302
16303
16304
16309
16310
16311
16316
16318
16320
16322
16323
16325
16326
16328
16329
16331
16332
16334
16336
16337
16338
16339
16340
16344
16345
16346
16347
16348
16349
16352
16355
16356
16357
16358
16359
16362
16363
16365
16366
16368
16369
16370
16372
16373
16374
16375
16378
16379
16380
16381
16382
16383
16384
16385
16386
16387
16389
16391
16392
16393
16394
16395
16396
16401
16402
16403
16405
16406
16409
16410
16412
16414
16416
16420
16421
16422
16424
16425
16426
16429
16430
16432
16433
16435
16438
16439
16440
16441
16444
16445
16446
16448
16449
16450
16451
16452
16453
16454
16456
16457
16458
16459
16461
16462
16463
16464
16467
16468
16469
16470
16472
16474
16475
16476
16477
16479
16480
16482
16484
16485
16486
16487
16490
16491
16493
16494
16495
16496
16497
16498
16499
16500
16501
16502
16506
16507
16511
16516
16521
16522
16533
16538
16543
16547
16560
16569
16570
16574
16575
16576
16579
16582
16583
16592
16593
16595
16597
16598
16599
16603
16612
16614
16616
16619
16622
16628
16629
16635
16636
16639
16641
16642
16650
16653
16654
16658
16659
16673
16680
16682
16685
16696
16704
16705
16707
16713
16725
16726
16728
16729
16731
16745
16747
16748
16749
16753
16761
16762
16765
16767
16769
16773
16779
16785
16790
16799
16800
16801
16804
16806
16807
16818
16819
16824
16837
16839
16849
16850
16851
16852
16871
16873
16875
16880
16883
16887
16890
16892
16895
16896
16897
16900
16904
16907
16912
16913
16914
16916
16918
16920
16923
16925
16928
16933
16934
16936
16940
16943
16951
16952
16960
16962
16967
16972
16975
16981
16982
16985
16986
16988
16990
16992
16993
16997
16998
16999
17001
17005
17007
17012
17018
17023
17026
17027
17032
17038
17042
17049
17054
17059
17068
17069
17071
17073
17082
17084
17090
17093
17096
17099
17103
17106
17112
17114
17121
17125
17133
17140
17142
17144
17146
17149
17164
17166
17177
17181
17184
17190
17194
17196
17197
17204
17207
17211
17213
17218
17222
17224
17225
17227
17231
17232
17236
17241
17242
17244
17249
17250
17253
17263
17265
17267
17276
17277
17281
17283
17286
17287
17292
17294
17299
17310
17318
17325
17329
17330
17331
17332
17333
17334
17338
17342
17344
17351
17355
17359
17364
17368
17388
17391
17392
17393
17396
17397
17398
17405
17419
17422
17436
17437
17439
17446
17447
17449
17454
17456
17461
17463
17467
17476
17481
17484
17495
17497
17503
17504
17511
17514
17515
17516
17520
17521
17522
17533
17548
17550
17552
17554
17555
17561
17578
17584
17585
17591
17598
17601
17602
17606
17613
17620
17623
17624
17625
17626
17628
17629
17638
17646
17651
17652
17658
17662
17663
17665
17675
17676
17689
17691
17692
17693
17695
17696
17699
17703
17714
17717
17719
17722
17723
17727
17732
17734
17736
17738
17741
17745
17749
17751
17752
17768
17769
17772
17776
17778
17780
17781
17782
17786
17788
17789
17796
17800
17801
17806
17817
17819
17835
17845
17856
17857
17865
17869
17870
17876
17877
17879
17883
17884
17885
17890
17902
17904
17909
17912
17917
17920
17926
17930
17932
17936
17937
17939
17944
17945
17948
17950
17951
17952
17953
17960
17961
17966
17977
17979
17980
17986
17988
17991
17993
17997
18001
18011
18014
18015
18017
18021
18024
18026
18036
18037
18045
18049
18052
18053
18059
18061
18067
18068
18072
18083
18084
18087
18088
18092
18103
18109
18111
18118
18129
18138
18139
18142
18146
18151
18153
18159
18160
18164
18174
18178
18182
18190
18196
18221
18223
18224
18225
18228
18232
18241
18243
18247
18248
18249
18250
18252
18261
18269
18292
18296
18304
18305
18311
18320
18321
18332
18333
18334
18342
18345
18354
18356
18359
18360
18361
18363
18364
18372
18373
18378
18379
18382
18385
18389
18400
18402
18405
18406
18407
18410
18411
18417
18419
18420
18422
18431
18432
18444
18448
18449
18453
18454
18456
18458
18460
18461
18469
18472
18473
18474
18476
18481
18501
18505
18507
18508
18509
18510
18513
18516
18517
18523
18524
18527
18543
18549
18551
18559
18561
18562
18572
18573
18578
18583
18587
18588
18590
18601
18603
18611
18616
18618
18621
18623
18624
18628
18635
18643
18648
18664
18665
18666
18668
18670
18672
18674
18679
18682
18683
18684
18703
18707
18710
18716
18724
18734
18737
18739
18740
18746
18752
18754
18755
18756
18766
18769
18771
18772
18773
18774
18778
18780
18788
18792
18793
18796
18800
18802
18806
18808
18818
18826
18831
18832
18833
18834
18838
18842
18846
18848
18850
18853
18864
18867
18871
18873
18876
18879
18891
18892
18894
18899
18900
18905
18917
18920
18923
18926
18933
18934
18936
18937
18951
18956
18957
18962
18965
18967
18968
18970
18971
18973
18974
18980
18983
18985
18986
18987
18991
19003
19006
19009
19014
19017
19018
19022
19024
19028
19047
19048
19050
19051
19055
19056
19059
19060
19063
19065
19067
19070
19075
19076
19077
19091
19100
19105
19107
19113
19117
19121
19122
19125
19126
19128
19131
19135
19142
19150
19153
19165
19176
19178
19182
19184
19185
19191
19197
19198
19199
19202
19208
19209
19212
19214
19215
19219
19224
19229
19232
19233
19235
19238
19240
19241
19246
19249
19255
19256
19260
19267
19268
19270
19272
19277
19278
19279
19292
19296
19299
19305
19308
19312
19313
19315
19324
19334
19335
19337
19339
19340
19343
19348
19365
19367
19374
19378
19386
19404
19408
19415
19417
19418
19423
19427
19428
19430
19433
19435
19438
19445
19447
19448
19452
19456
19460
19464
19471
19472
19478
19493
19500
19504
19510
19524
19528
19529
19536
19540
19542
19546
19547
19548
19551
19554
19555
19559
19563
19564
19567
19569
19570
19573
19574
19578
19580
19585
19587
19592
19594
19595
19598
19599
19604
19605
19606
19619
19623
19624
19625
19628
19630
19647
19649
19653
19654
19656
19659
19661
19662
19670
19673
19674
19684
19693
19701
19706
19711
19718
19722
19735
19738
19741
19744
19745
19748
19749
19752
19754
19757
19758
19760
19761
19762
19763
19768
19770
19772
19775
19779
19789
19792
19798
19801
19803
19807
19809
19810
19811
19813
19819
19824
19826
19829
19858
19864
19869
19872
19875
19877
19883
19885
19888
19891
19894
19899
19903
19904
19917
19920
19927
19928
19931
19934
19935
19955
19959
19960
19964
19967
19973
19979
19980
19982
19988
19994
19995
20005
20007
20013
20018
20023
20025
20031
20037
20042
20043
20044
20049
20050
20051
20057
20060
20062
20064
20069
20073
20074
20083
20086
20088
20089
20090
20095
20098
20100
20104
20110
20111
20117
20128
20132
20138
20142
20150
20153
20159
20168
20175
20176
20177
20178
20181
20183
20186
20187
20189
20190
20191
20193
20195
20199
20209
20210
20212
20217
20229
20234
20237
20242
20243
20245
20247
20257
20265
20266
20275
20287
20295
20298
20300
20301
20304
20309
20315
20316
20324
20326
20332
20333
20339
20341
20343
20344
20349
20351
20355
20368
20373
20377
20386
20387
20388
20389
20398
20399
20400
20403
20406
20410
20413
20418
20423
20426
20427
20435
20443
20446
20448
20450
20452
20459
20465
20472
20483
20485
20495
20496
20502
20509
20513
20514
20523
20533
20538
20539
20540
20543
20549
20553
20556
20558
20568
20569
20573
20575
20576
20578
20579
20580
20584
20586
20599
20602
20605
20606
20607
20612
20613
20614
20615
20616
20618
20619
20620
20627
20640
20642
20644
20658
20661
20664
20667
20669
20671
20672
20673
20677
20679
20686
20692
20697
20705
20707
20711
20712
20713
20718
20738
20748
20755
20761
20762
20771
20773
20781
20784
20787
20788
20794
20799
20805
20806
20808
20814
20815
20817
20819
20820
20821
20822
20825
20826
20828
20829
20832
20834
20835
20836
20841
20842
20844
20848
20851
20861
20863
20865
20872
20879
20881
20890
20894
20904
20905
20908
20910
20920
20927
20928
20929
20934
20943
20944
20946
20959
20961
20962
20963
20964
20965
20969
20981
20982
20985
20988
20992
20994
20997
21005
21006
21007
21019
21027
21030
21035
21040
21042
21047
21050
21053
21059
21060
21061
21062
21063
21064
21071
21076
21078
21083
21084
21086
21094
21095
21097
21098
21099
21101
21102
21104
21107
21113
21117
21118
21119
21122
21143
21145
21148
21149
21152
21158
21159
21168
21173
21174
21175
21178
21180
21185
21187
21188
21189
21202
21203
21206
21208
21226
21235
21236
21237
21239
21243
21246
21247
21248
21255
21256
21257
21260
21263
21267
21270
21272
21273
21283
21291
21293
21295
21297
21306
21323
21331
21337
21352
21353
21360
21365
21366
21370
21380
21381
21390
21391
21402
21404
21406
21411
21414
21416
21431
21432
21435
21444
21449
21457
21465
21467
21470
21479
21483
21485
21487
21488
21494
21496
21497
21498
21512
21522
21525
21528
21529
21531
21532
21535
21541
21548
21561
21564
21576
21577
21580
21585
21588
21599
21604
21605
21606
21608
21609
21610
21622
21624
21626
21627
21631
21636
21641
21647
21648
21649
21652
21660
21662
21664
21671
21682
21687
21688
21689
21696
21705
21708
21714
21717
21720
21722
21724
21725
21733
21737
21740
21742
21746
21754
21758
21769
21771
21773
21778
21791
21804
21806
21807
21815
21820
21851
21853
21854
21862
21863
21864
21866
21867
21872
21881
21884
21888
21889
21890
21892
21893
21896
21899
21903
21906
21914
21915
21916
21922
21928
21931
21933
21937
21938
21940
21960
21967
21973
21979
21981
21990
21992
21995
21996
21999
22005
22008
22009
22014
22016
22017
22019
22024
22032
22034
22036
22042
22045
22047
22050
22053
22057
22060
22061
22066
22074
22076
22081
22084
22085
22087
22089
22091
22109
22111
22112
22114
22116
22124
22129
22130
22131
22136
22139
22140
22144
22149
22150
22162
22164
22168
22172
22173
22193
22197
22198
22205
22206
22208
22210
22214
22217
22219
22222
22233
22235
22245
22249
22256
22257
22260
22263
22265
22269
22270
22272
22277
22282
22286
22303
22307
22309
22312
22319
22320
22326
22330
22331
22333
22345
22348
22350
22352
22356
22357
22358
22362
22367
22369
22370
22379
22382
22384
22386
22391
22402
22407
22412
22415
22416
22417
22419
22427
22437
22439
22444
22447
22460
22461
22464
22466
22467
22472
22478
22483
22494
22498
22506
22511
22512
22520
22521
22524
22541
22544
22548
22549
22558
22561
22562
22563
22565
22572
22574
22578
22579
22581
22591
22596
22598
22599
22606
22610
22613
22615
22627
22628
22629
22631
22634
22635
22638
22642
22643
22646
22650
22654
22660
22664
22667
22670
22671
22673
22677
22678
22683
22685
22700
22701
22707
22711
22713
22716
22726
22728
22731
22735
22737
22744
22746
22748
22756
22761
22768
22771
22775
22780
22784
22785
22796
22799
22801
22808
22810
22811
22818
22821
22824
22829
22836
22837
22846
22847
22848
22853
22854
22857
22859
22865
22870
22875
22876
22878
22880
22887
22890
22895
22896
22907
22909
22913
22926
22928
22931
22935
22936
22943
22944
22953
22955
22957
22962
22966
22968
22969
22970
22973
22974
22977
22979
22987
22988
22993
22996
22997
22999
23000
23004
23007
23017
23023
23026
23027
23029
23035
23036
23043
23048
23057
23059
23061
23064
23066
23070
23072
23094
23095
23099
23101
23114
23115
23116
23123
23125
23130
23135
23142
23145
23147
23149
23152
23156
23157
23171
23172
23183
23195
23197
23199
23200
23205
23209
23215
23220
23226
23236
23248
23250
23263
23268
23271
23277
23287
23291
23293
23302
23305
23306
23308
23309
23311
23316
23321
23327
23330
23331
23334
23335
23337
23342
23343
23350
23353
23355
23356
23358
23361
23364
23368
23370
23374
23375
23378
23379
23381
23384
23386
23389
23390
23391
23399
23401
23404
23416
23422
23427
23434
23435
23437
23440
23442
23445
23454
23465
23467
23470
23471
23475
23485
23486
23487
23490
23491
23492
23493
23495
23496
23502
23504
23507
23512
23516
23518
23519
23522
23545
23546
23548
23549
23554
23557
23560
23565
23567
23572
23575
23584
23592
23594
23598
23600
23615
23616
23621
23622
23625
23626
23628
23642
23645
23650
23652
23655
23657
23658
23661
23664
23667
23669
23677
23681
23683
23687
23692
23696
23700
23708
23715
23717
23718
23721
23728
23732
23743
23753
23757
23759
23760
23769
23773
23774
23775
23777
23780
23792
23801
23803
23805
23809
23812
23814
23815
23817
23819
23826
23828
23831
23837
23840
23843
23844
23847
23848
23849
23850
23865
23866
23869
23874
23876
23880
23881
23883
23887
23889
23891
23892
23895
23900
23905
23909
23918
23926
23928
23929
23939
23940
23941
23944
23946
23951
23964
23965
23966
23967
23968
23969
23975
23976
23977
23978
23979
23980
23988
23990
23997
24004
24005
24010
24014
24016
24018
24019
24021
24029
24033
24038
24046
24052
24058
24059
24062
24063
24069
24078
24083
24087
24092
24095
24098
24105
24107
24111
24114
24115
24127
24129
24131
24133
24136
24143
24146
24150
24154
24157
24159
24161
24163
24166
24167
24168
24173
24180
24181
24182
24185
24189
24194
24195
24199
24203
24208
24211
24212
24215
24221
24222
24237
24239
24248
24252
24258
24264
24267
24269
24271
24272
24274
24277
24282
24283
24285
24287
24288
24292
24294
24298
24302
24306
24308
24309
24311
24314
24320
24324
24334
24336
24340
24344
24348
24364
24365
24367
24370
24372
24374
24375
24383
24384
24388
24389
24393
24394
24400
24404
24409
24424
24425
24427
24428
24434
24435
24443
24444
24447
24453
24456
24458
24472
24473
24480
24482
24495
24496
24499
24500
24502
24505
24507
24509
24512
24516
24517
24519
24526
24529
24534
24539
24541
24542
24544
24545
24546
24550
24558
24566
24568
24572
24573
24579
24580
24584
24585
24587
24590
24592
24596
24598
24606
24612
24613
24614
24615
24616
24622
24633
24634
24639
24640
24645
24647
24649
24654
24655
24660
24662
24663
24666
24667
24674
24675
24679
24680
24684
24685
24688
24694
24730
24733
24736
24740
24744
24746
24747
24750
24751
24754
24756
24763
24773
24775
24776
24777
24779
24781
24787
24788
24790
24801
24804
24810
24813
24819
24823
24827
24832
24835
24836
24841
24842
24844
24845
24857
24862
24864
24867
24877
24881
24885
24888
24892
24898
24899
24901
24903
24910
24911
24913
24915
24923
24930
24932
24936
24937
24940
24941
24953
24966
24979
24989
24996
25002
25006
25008
25012
25013
25016
25027
25028
25030
25032
25037
25043
25050
25053
25063
25064
25080
25081
25083
25092
25096
25100
25102
25104
25106
25108
25111
25116
25119
25121
25122
25128
25130
25132
25133
25135
25143
25145
25156
25159
25166
25168
25169
25180
25181
25182
25185
25195
25196
25198
25199
25206
25207
25218
25221
25223
25230
25245
25250
25252
25257
25260
25270
25276
25277
25283
25303
25306
25313
25314
25320
25329
25339
25340
25345
25347
25350
25356
25359
25364
25365
25367
25368
25372
25379
25382
25386
25389
25390
25391
25395
25396
25399
25400
25411
25413
25415
25417
25421
25432
25442
25451
25461
25465
25468
25469
25470
25477
25480
25481
25487
25489
25491
25492
25508
25510
25513
25516
25517
25518
25524
25528
25532
25539
25541
25545
25551
25557
25563
25564
25565
25572
25575
25580
25582
25583
25586
25587
25591
25592
25603
25604
25608
25613
25622
25632
25640
25643
25646
25647
25648
25653
25656
25659
25662
25672
25673
25674
25681
25684
25686
25689
25694
25698
25699
25701
25703
25706
25718
25719
25723
25727
25731
25732
25734
25736
25741
25742
25749
25753
25755
25760
25763
25771
25779
25790
25792
25793
25801
25806
25809
25818
25819
25821
25822
25829
25831
25833
25836
25839
25845
25853
25856
25865
25874
25876
25881
25888
25890
25892
25893
25896
25897
25904
25906
25909
25918
25920
25925
25927
25928
25937
25946
25949
25953
25956
25958
25970
25972
25975
25976
25977
25980
25986
25989
25992
25993
25997
26003
26004
26005
26013
26014
26018
26023
26027
26029
26031
26032
26039
26042
26046
26049
26053
26062
26063
26066
26067
26070
26071
26072
26074
26075
26078
26081
26086
26093
26095
26096
26097
26105
26107
26110
26111
26112
26122
26124
26125
26129
26137
26145
26149
26150
26153
26155
26157
26174
26179
26180
26183
26184
26192
26195
26199
26202
26203
26207
26209
26213
26218
26219
26220
26222
26225
26227
26229
26236
26238
26243
26244
26245
26246
26247
26249
26257
26260
26263
26264
26269
26271
26280
26283
26287
26297
26298
26300
26303
26305
26309
26315
26316
26324
26329
26333
26335
26336
26337
26342
26344
26345
26348
26352
26354
26355
26361
26365
26366
26367
26385
26386
26392
26393
26394
26395
26398
26404
26406
26410
26415
26418
26423
26431
26437
26439
26441
26448
26452
26465
26467
26476
26478
26479
26485
26489
26503
26504
26513
26517
26518
26519
26523
26525
26529
26542
26550
26557
26558
26563
26573
26579
26585
26588
26592
26597
26599
26602
26611
26612
26618
26629
26634
26636
26637
26647
26648
26650
26663
26668
26672
26673
26676
26683
26685
26690
26693
26697
26701
26705
26707
26720
26722
26723
26725
26727
26729
26730
26734
26736
26742
26743
26747
26762
26772
26775
26780
26784
26786
26787
26790
26800
26801
26802
26811
26812
26813
26821
26822
26824
26833
26841
26846
26857
26872
26880
26882
26884
26885
26886
26889
26892
26895
26897
26899
26900
26903
26906
26918
26929
26931
26934
26935
26938
26942
26943
26948
26949
26951
26952
26955
26972
26974
26978
26979
26983
26986
26987
26991
26998
27010
27019
27022
27025
27033
27035
27037
27045
27049
27052
27054
27055
27058
27062
27064
27066
27069
27071
27079
27082
27084
27094
27098
27099
27106
27109
27114
27119
27121
27124
27126
27138
27139
27146
27150
27152
27163
27166
27167
27176
27177
27184
27186
27187
27201
27219
27229
27240
27242
27244
27245
27246
27247
27249
27254
27256
27263
27266
27267
27270
27275
27279
27280
27281
27282
27290
27293
27299
27300
27302
27303
27304
27309
27314
27323
27325
27327
27331
27332
27333
27334
27337
27355
27358
27366
27368
27369
27405
27409
27418
27419
27422
27431
27436
27438
27439
27440
27448
27449
27450
27458
27470
27474
27478
27486
27487
27490
27491
27494
27499
27506
27507
27508
27509
27514
27517
27520
27524
27526
27539
27540
27544
27550
27552
27556
27560
27562
27564
27569
27580
27588
27592
27593
27595
27598
27599
27600
27604
27606
27608
27612
27613
27614
27615
27618
27622
27623
27627
27630
27632
27634
27638
27640
27642
27649
27656
27663
27668
27673
27681
27682
27692
27700
27705
27719
27723
27724
27726
27741
27742
27744
27747
27748
27753
27762
27764
27775
27778
27780
27781
27782
27786
27789
27793
27794
27796
27802
27816
27817
27818
27822
27824
27827
27828
27830
27836
27840
27844
27846
27853
27854
27857
27859
27862
27864
27877
27878
27882
27885
27890
27891
27897
27899
27900
27907
27912
27913
27914
27915
27916
27927
27929
27941
27946
27949
27957
27958
27962
27969
27978
27979
27980
27983
27985
27986
27993
27997
27998
28001
28004
28005
28011
28015
28019
28022
28028
28032
28041
28050
28053
28059
28071
28072
28077
28085
28091
28095
28107
28115
28117
28119
28124
28132
28136
28138
28140
28144
28145
28147
28150
28152
28153
28156
28160
28162
28169
28177
28178
28179
28181
28182
28193
28194
28200
28202
28210
28211
28215
28219
28224
28226
28236
28238
28243
28256
28260
28262
28264
28270
28275
28278
28279
28282
28289
28296
28301
28304
28305
28306
28310
28316
28319
28320
28324
28330
28332
28352
28353
28362
28363
28365
28366
28367
28368
28369
28374
28384
28386
28391
28392
28393
28394
28401
28402
28413
28418
28419
28424
28426
28427
28431
28434
28437
28441
28444
28445
28447
28453
28456
28460
28462
28470
28472
28474
28475
28478
28482
28488
28492
28496
28497
28504
28506
28508
28522
28523
28525
28530
28531
28540
28544
28550
28552
28556
28571
28574
28576
28577
28602
28606
28607
28610
28619
28625
28634
28636
28642
28648
28655
28656
28659
28660
28665
28667
28671
28676
28687
28696
28697
28702
28703
28705
28706
28713
28718
28720
28721
28723
28724
28725
28726
28727
28734
28737
28747
28757
28759
28766
28773
28774
28776
28783
28784
28792
28794
28795
28796
28798
28802
28812
28813
28822
28829
28832
28833
28837
28844
28851
28853
28855
28857
28859
28860
28861
28863
28864
28870
28874
28876
28877
28879
28882
28893
28899
28900
28902
28903
28904
28905
28907
28911
28913
28918
28926
28930
28938
28943
28944
28945
28947
28949
28953
28958
28961
28963
28966
28971
28977
28978
28979
28980
28992
28994
28995
28997
29002
29005
29014
29017
29018
29022
29028
29038
29041
29045
29046
29047
29052
29053
29057
29058
29063
29067
29068
29071
29077
29080
29085
29087
29093
29094
29095
29105
29106
29108
29109
29111
29133
29135
29136
29146
29149
29151
29152
29157
29161
29171
29173
29174
29175
29176
29182
29190
29191
29193
29197
29199
29200
29201
29205
29206
29208
29209
29213
29217
29225
29228
29230
29234
29239
29240
29245
29246
29250
29259
29266
29268
29275
29280
29282
29283
29287
29291
29293
29305
29306
29314
29315
29319
29320
29327
29330
29333
29341
29345
29348
29352
29354
29356
29357
29364
29369
29375
29378
29382
29385
29386
29388
29407
29410
29411
29412
29416
29419
29421
29423
29428
29429
29430
29431
29433
29437
29443
29444
29456
29457
29458
29465
29471
29472
29474
29482
29491
29494
29495
29499
29503
29507
29509
29513
29520
29530
29531
29535
29540
29541
29543
29550
29551
29552
29554
29558
29567
29569
29578
29580
29583
29590
29595
29601
29603
29612
29623
29626
29629
29631
29632
29635
29640
29651
29657
29665
29667
29668
29669
29672
29677
29679
29680
29683
29684
29685
29693
29694
29696
29697
29699
29701
29702
29707
29715
29716
29717
29719
29723
29725
29736
29741
29745
29746
29749
29751
29752
29755
29756
29762
29770
29771
29774
29778
29783
29788
29791
29792
29794
29799
29801
29803
29805
29810
29811
29813
29822
29826
29832
29835
29836
29842
29845
29849
29852
29858
29860
29861
29864
29870
29873
29875
29876
29878
29879
29881
29889
29900
29903
29911
29913
29914
29915
29917
29920
29930
29942
29950
29955
29956
29963
29969
29971
29974
29977
29990
29995
29999
30007
30008
30020
30021
30030
30034
30035
30036
30039
30042
30051
30052
30054
30056
30057
30058
30059
30060
30061
30063
30067
30072
30073
30075
30084
30085
30086
30088
30094
30095
30102
30104
30107
30111
30112
30118
30125
30126
30129
30135
30141
30142
30143
30144
30147
30150
30152
30153
30154
30155
30158
30159
30169
30170
30173
30175
30177
30178
30179
30186
30205
30209
30216
30218
30219
30220
30221
30224
30225
30226
30238
30245
30257
30258
30262
30269
30273
30274
30277
30291
30294
30297
30303
30304
30309
30310
30311
30314
30322
30328
30334
30335
30338
30339
30341
30343
30347
30355
30362
30365
30366
30368
30369
30370
30377
30381
30385
30390
30391
30394
30396
30398
30403
30408
30412
30417
30419
30424
30429
30432
30438
30440
30441
30446
30455
30460
30467
30471
30474
30475
30477
30478
30493
30503
30505
30510
30516
30519
30524
30525
30530
30533
30534
30546
30549
30550
30553
30558
30566
30568
30569
30573
30580
30583
30584
30593
30598
30603
30613
30616
30617
30621
30624
30626
30634
30635
30637
30643
30649
30650
30651
30652
30659
30661
30663
30669
30671
30673
30678
30680
30682
30689
30690
30693
30709
30710
30712
30717
30718
30719
30725
30726
30730
30735
30736
30738
30746
30751
30752
30755
30757
30759
30764
30768
30769
30778
30784
30790
30792
30798
30799
30804
30809
30810
30814
30818
30821
30824
30841
30845
30846
30849
30850
30857
30860
30861
30874
30876
30879
30881
30889
30890
30898
30899
30907
30913
30914
30916
30917
30921
30932
30934
30939
30940
30942
30944
30951
30952
30959
30960
30963
30964
30966
30969
30970
30973
30975
30977
30980
30983
30989
30990
30996
31002
31004
31005
31006
31011
31016
31017
31020
31024
31026
31027
31030
31034
31035
31041
31048
31051
31058
31059
31060
31062
31065
31073
31076
31077
31078
31087
31088
31093
31100
31103
31108
31111
31115
31119
31120
31121
31124
31128
31132
31135
31139
31140
31141
31142
31149
31150
31151
31152
31153
31154
31157
31163
31168
31170
31171
31178
31180
31182
31186
31189
31192
31195
31201
31207
31216
31219
31223
31233
31234
31237
31240
31258
31261
31267
31282
31283
31284
31288
31290
31294
31301
31306
31307
31308
31312
31316
31317
31322
31324
31326
31327
31328
31330
31333
31336
31337
31338
31340
31341
31342
31354
31362
31365
31366
31367
31370
31374
31376
31381
31396
31397
31399
31401
31403
31407
31409
31410
31415
31417
31420
31422
31429
31430
31434
31435
31442
31446
31451
31452
31453
31455
31457
31459
31464
31466
31467
31469
31471
31475
31476
31479
31481
31485
31489
31490
31492
31500
31504
31505
31506
31513
31526
31531
31537
31541
31544
31545
31547
31550
31551
31560
31562
31568
31570
31572
31574
31577
31582
31585
31586
31590
31596
31604
31609
31611
31618
31630
31633
31634
31640
31641
31643
31644
31648
31651
31654
31659
31660
31662
31664
31665
31668
31669
31671
31674
31681
31685
31689
31691
31692
31701
31705
31707
31712
31716
31718
31724
31725
31734
31739
31742
31747
31748
31749
31755
31760
31761
31766
31775
31776
31777
31779
31781
31794
31800
31804
31807
31815
31818
31819
31821
31827
31831
31834
31840
31845
31846
31850
31852
31858
31860
31865
31868
31873
31877
31880
31882
31887
31896
31904
31912
31913
31922
31925
31933
31934
31935
31937
31940
31942
31954
31958
31959
31963
31975
31978
31984
31987
31990
31992
31996
31999
32006
32007
32010
32012
32030
32032
32034
32035
32036
32037
32046
32048
32050
32052
32058
32059
32062
32063
32064
32067
32069
32071
32077
32078
32086
32098
32106
32109
32112
32117
32118
32125
32130
32135
32138
32139
32140
32142
32164
32177
32185
32189
32190
32201
32203
32205
32209
32217
32221
32226
32227
32236
32237
32241
32245
32248
32251
32252
32256
32269
32282
32283
32284
32288
32289
32290
32292
32301
32306
32309
32311
32313
32314
32316
32317
32329
32332
32341
32342
32346
32348
32349
32351
32354
32364
32365
32366
32373
32374
32376
32378
32382
32386
32387
32393
32398
32399
32409
32411
32417
32423
32427
32428
32433
32442
32444
32450
32452
32453
32454
32461
32469
32474
32481
32482
32487
32490
32492
32495
32499
32503
32505
32509
32510
32514
32517
32518
32521
32523
32540
32543
32549
32552
32559
32567
32572
32579
32586
32588
32589
32595
32596
32598
32601
32603
32612
32614
32626
32627
32634
32638
32643
32646
32648
32659
32661
32665
32666
32667
32669
32671
32674
32676
32677
32686
32687
32695
32697
32698
32699
32711
32718
32719
32720
32721
32725
32727
32733
32742
32743
32747
32749
32755
32762
32764
150
1
257
3
261
262
264
265
267
12
13
271
275
20
276
278
280
283
29
31
35
292
37
293
41
42
298
43
302
305
50
310
56
312
59
62
318
321
67
71
72
328
329
334
79
80
338
339
89
90
346
348
352
99
355
356
101
359
360
361
365
110
366
113
114
373
374
120
121
380
127
383
128
129
131
387
388
133
389
393
138
394
139
395
142
398
144
401
147
403
148
406
151
152
156
157
158
416
161
421
166
424
169
170
171
428
173
429
175
178
180
181
183
439
184
185
442
188
444
191
448
193
450
452
197
198
200
456
458
203
204
462
465
212
469
472
475
220
221
478
223
224
225
227
229
235
238
239
249
251
252
